0.977000
1.016000
0.944999
0.944999
0.984000
0.944999
0.953000
0.969000
0.898001
0.914000
0.953000
0.953000
0.944999
0.875000
0.891000
0.930000
0.866999
0.812000
0.844001
0.883000
0.906000
0.930000
1.000000
0.977000
0.930000
0.930000
1.016000
1.000000
0.969000
0.969000
0.984000
0.969000
1.008000
1.039001
0.984000
0.984000
1.016000
1.023000
0.977000
1.000000
0.969000
0.977000
1.031000
0.969000
0.969000
1.000000
0.984000
1.008000
1.039001
0.984000
0.906000
0.930000
0.922000
0.891000
0.914000
1.008000
1.008000
0.977000
1.069999
1.062000
0.992000
0.992000
1.000000
0.984000
1.069999
1.078001
0.992000
1.031000
1.078001
1.039001
1.069999
1.055001
1.008000
0.992000
0.977000
0.922000
0.953000
0.992000
0.953000
1.016000
1.031000
0.938000
0.969000
0.960999
0.938000
0.960999
1.055001
0.977000
1.000000
1.000000
0.944999
0.992000
1.039001
0.984000
1.031000
0.992000
0.930000
0.992000
0.984000
0.953000
0.984000
0.992000
0.930000
0.984000
0.977000
0.906000
0.930000
1.023000
1.039001
0.960999
0.992000
0.960999
0.922000
1.000000
1.062000
1.000000
1.008000
0.984000
0.906000
0.922000
0.953000
0.938000
0.906000
0.953000
0.984000
0.953000
0.984000
1.023000
0.992000
1.047000
1.078001
1.047000
1.055001
1.039001
1.023000
1.062000
1.000000
1.008000
1.039001
1.023000
0.969000
1.000000
0.859000
0.836000
0.875000
0.938000
0.852000
0.789000
0.789000
0.758000
0.727000
0.773000
0.828000
0.906000
0.914000
0.914000
0.960999
0.992000
0.914000
0.836000
0.844001
0.852000
0.820000
0.805000
0.781000
0.742000
0.727000
0.711000
0.695000
0.680000
0.664000
0.664000
0.664000
0.711000
0.750000
0.844001
0.953000
1.000000
1.023000
0.969000
1.062000
1.062000
1.008000
1.039001
1.094000
1.047000
1.000000
1.078001
1.109000
0.992000
0.992000
1.094000
1.055001
0.977000
0.984000
1.031000
0.953000
0.930000
0.992000
1.125001
1.086000
1.008000
1.031000
1.078001
1.031000
0.922000
0.891000
0.844001
0.844001
0.883000
1.000000
1.069999
1.101999
1.078001
1.140999
1.156000
1.148000
1.125001
1.078001
0.960999
0.944999
0.953000
0.922000
0.960999
1.000000
0.992000
1.023000
0.984000
0.914000
0.914000
0.953000
0.938000
1.016000
1.086000
1.039001
1.039001
1.062000
1.055001
1.086000
1.078001
1.039001
1.047000
1.031000
1.047000
0.992000
0.859000
0.789000
0.797000
0.773000
0.836000
1.156000
1.069999
1.140999
0.992000
1.055001
1.031000
1.039001
1.062000
0.984000
0.992000
1.031000
1.094000
1.140999
1.125001
1.078001
1.069999
1.069999
1.016000
1.023000
1.031000
1.023000
1.062000
1.039001
1.062000
1.062000
0.977000
0.906000
0.906000
0.930000
0.922000
0.944999
1.055001
1.023000
0.977000
0.984000
0.944999
0.875000
0.938000
1.055001
1.069999
0.984000
0.984000
1.047000
0.984000
1.016000
1.047000
0.992000
1.031000
1.023000
0.953000
1.016000
1.000000
0.992000
0.866999
0.844001
0.820000
0.852000
0.906000
0.906000
0.859000
0.820000
0.805000
0.781000
0.766000
0.719000
0.719000
0.711000
0.719000
0.727000
0.750000
0.781000
0.812000
0.812000
0.805000
0.797000
0.812000
0.852000
0.898001
0.883000
0.883000
0.906000
0.898001
0.852000
0.866999
0.898001
0.938000
0.922000
0.938000
0.944999
0.930000
0.922000
0.922000
0.883000
0.828000
0.805000
0.789000
0.750000
0.758000
0.734000
0.750000
0.727000
0.797000
0.859000
0.866999
0.938000
0.984000
0.930000
0.914000
0.930000
0.938000
0.914000
0.953000
0.984000
0.960999
0.944999
0.944999
0.953000
0.914000
0.944999
0.969000
0.938000
0.953000
0.969000
0.960999
0.930000
0.898001
0.852000
0.844001
0.836000
0.828000
0.891000
0.898001
0.922000
0.944999
0.930000
0.944999
0.944999
0.922000
0.944999
0.969000
0.922000
0.938000
0.944999
0.906000
0.953000
0.914000
0.859000
0.875000
0.891000
0.930000
0.852000
0.859000
0.922000
0.898001
0.906000
0.930000
0.960999
0.938000
0.836000
0.828000
0.906000
0.969000
0.969000
0.914000
0.891000
0.930000
0.992000
0.992000
1.031000
1.039001
1.031000
1.031000
1.039001
0.930000
0.875000
0.891000
0.953000
0.930000
0.906000
0.969000
0.960999
0.938000
0.922000
0.953000
0.930000
0.898001
0.914000
0.914000
0.883000
0.938000
0.944999
0.914000
0.930000
0.944999
0.922000
0.922000
0.922000
0.898001
0.898001
0.953000
0.953000
0.898001
0.938000
0.969000
0.922000
0.906000
0.944999
0.944999
0.953000
0.969000
0.938000
0.930000
0.930000
0.930000
0.914000
0.944999
0.944999
0.922000
0.944999
0.984000
0.938000
0.969000
0.992000
0.953000
0.960999
0.977000
0.944999
0.953000
1.008000
0.984000
1.000000
1.031000
0.984000
0.992000
1.008000
0.953000
0.960999
0.984000
0.960999
1.047000
1.047000
0.938000
0.944999
0.914000
0.883000
0.930000
0.953000
0.914000
0.953000
1.039001
1.000000
1.039001
1.031000
0.977000
0.977000
1.016000
0.969000
0.953000
0.944999
0.944999
0.992000
1.117000
1.055001
1.109000
1.086000
1.008000
1.023000
0.984000
0.930000
0.953000
0.953000
0.938000
0.969000
1.047000
0.984000
1.008000
0.984000
0.938000
0.969000
1.008000
0.960999
0.906000
0.922000
0.922000
0.938000
1.016000
1.031000
0.969000
0.960999
0.938000
0.898001
0.944999
1.008000
0.960999
1.000000
1.031000
1.008000
1.062000
1.069999
1.016000
1.016000
0.992000
0.977000
1.031000
1.016000
1.000000
1.008000
0.914000
0.883000
0.844001
0.852000
0.866999
1.117000
1.172001
1.078001
1.094000
1.047000
1.008000
1.047000
1.047000
1.031000
1.086000
1.062000
1.078001
1.078001
0.992000
0.960999
0.960999
0.922000
0.977000
1.008000
0.914000
0.898001
0.977000
1.000000
0.984000
1.101999
1.031000
1.062000
1.062000
0.944999
1.000000
1.086000
1.016000
1.055001
1.055001
1.016000
0.984000
0.984000
0.969000
1.039001
1.000000
0.883000
0.891000
1.023000
1.016000
1.069999
1.078001
0.977000
0.906000
0.944999
0.992000
1.023000
1.031000
0.984000
1.000000
0.984000
0.969000
0.984000
0.938000
0.969000
1.039001
1.047000
1.008000
1.047000
1.000000
1.008000
1.023000
1.047000
0.944999
0.944999
1.031000
0.984000
1.039001
1.062000
0.977000
0.938000
0.992000
1.031000
1.148000
1.140999
1.016000
1.039001
1.069999
0.977000
0.938000
0.992000
1.000000
1.031000
1.109000
1.069999
0.992000
1.069999
1.047000
0.984000
1.008000
1.047000
0.992000
1.000000
1.000000
0.930000
0.992000
1.047000
0.984000
0.953000
1.016000
0.969000
1.008000
1.055001
0.984000
1.016000
1.062000
1.031000
1.031000
1.047000
0.984000
1.016000
0.977000
0.938000
0.969000
1.023000
0.977000
0.944999
1.016000
1.016000
0.944999
0.953000
0.960999
0.883000
0.852000
0.859000
0.866999
0.852000
0.906000
0.852000
0.820000
0.883000
0.828000
0.812000
0.898001
0.866999
0.875000
0.914000
0.992000
0.992000
1.016000
1.047000
1.008000
1.023000
1.062000
1.000000
1.016000
1.055001
1.016000
1.086000
1.101999
1.047000
0.953000
0.866999
0.914000
0.977000
1.039001
1.195000
1.218999
1.078001
1.069999
0.969000
0.914000
0.944999
1.055001
1.039001
1.023000
1.031000
0.944999
0.984000
1.078001
1.039001
1.062000
1.039001
0.938000
0.930000
0.930000
0.866999
0.859000
0.891000
1.062000
0.938000
0.914000
0.992000
1.023000
1.078001
1.109000
1.039001
1.094000
1.125001
1.039001
1.101999
1.069999
1.023000
1.069999
1.117000
1.062000
1.078001
1.094000
1.039001
1.047000
1.069999
1.039001
0.960999
0.960999
0.914000
0.891000
0.914000
1.016000
0.960999
0.984000
1.000000
0.922000
0.906000
0.953000
1.039001
0.953000
1.008000
1.039001
1.000000
1.062000
1.047000
0.953000
1.016000
1.062000
0.960999
0.969000
1.109000
0.960999
1.008000
1.094000
1.016000
1.047000
1.069999
0.969000
0.984000
1.047000
0.922000
0.944999
0.969000
0.953000
0.914000
1.039001
1.047000
0.977000
1.031000
1.047000
0.960999
0.969000
1.047000
1.016000
1.062000
1.094000
1.062000
1.109000
1.117000
1.039001
1.069999
1.078001
0.992000
0.922000
1.008000
1.008000
0.944999
0.906000
0.984000
0.969000
0.977000
1.055001
1.086000
0.984000
0.969000
0.938000
0.859000
0.844001
0.914000
1.000000
0.944999
0.914000
0.953000
0.891000
0.906000
1.039001
1.069999
1.062000
1.023000
0.969000
0.883000
0.852000
0.898001
0.944999
1.218999
1.179999
1.055001
1.125001
1.069999
1.117000
1.117000
1.069999
1.055001
1.094000
1.031000
1.008000
1.000000
0.969000
0.922000
1.086000
1.047000
1.069999
1.132999
1.069999
0.992000
1.039001
1.055001
0.960999
0.866999
0.891000
0.906000
0.930000
0.883000
0.883000
0.828000
0.797000
0.750000
0.805000
0.812000
0.828000
0.781000
0.758000
0.695000
0.711000
0.688000
0.688000
0.656000
0.641000
0.641000
0.633000
0.609000
0.609000
0.617000
0.586000
0.602000
0.609000
0.633000
0.633000
0.641000
0.672000
0.719000
0.828000
0.805000
0.844001
1.016000
1.055001
1.023000
1.125001
1.101999
1.078001
1.109000
1.117000
1.086000
1.132999
1.125001
1.132999
1.179999
1.109000
1.117000
1.140999
1.047000
1.078001
1.094000
1.016000
1.172001
1.140999
1.164000
1.203000
1.140999
1.187999
1.172001
1.117000
1.132999
1.132999
1.109000
1.156000
1.164000
1.008000
1.000000
1.023000
0.938000
0.984000
0.969000
0.984000
1.109000
1.069999
1.086000
1.078001
1.000000
1.000000
0.914000
0.898001
1.000000
1.203000
1.109000
1.148000
1.132999
1.047000
1.094000
1.086000
1.039001
1.109000
1.086000
1.086000
1.101999
1.047000
1.086000
1.069999
1.055001
0.984000
0.883000
0.914000
1.148000
1.179999
1.101999
1.132999
1.125001
1.078001
1.094000
1.062000
1.023000
1.062000
1.039001
1.000000
1.039001
1.078001
0.944999
0.984000
0.914000
0.930000
0.969000
1.101999
1.062000
0.977000
1.039001
1.000000
1.031000
1.039001
0.992000
1.078001
1.055001
1.078001
1.094000
1.101999
1.117000
1.094000
1.008000
1.039001
1.125001
1.055001
0.891000
0.922000
0.992000
0.898001
0.883000
1.039001
1.140999
1.062000
1.164000
1.172001
1.069999
1.086000
1.101999
1.094000
1.125001
1.094000
1.101999
1.140999
1.101999
1.078001
1.117000
1.094000
1.039001
1.094000
1.062000
1.039001
1.062000
1.039001
1.094000
1.094000
1.008000
0.992000
1.008000
0.992000
0.906000
0.805000
0.781000
0.766000
0.820000
0.781000
0.750000
0.875000
0.914000
0.977000
1.062000
0.930000
0.977000
1.008000
1.000000
1.069999
1.156000
1.101999
1.132999
1.125001
1.078001
1.109000
1.069999
1.101999
1.101999
1.086000
1.062000
1.101999
1.069999
1.086000
1.094000
1.008000
0.953000
0.977000
0.883000
0.875000
0.844001
0.828000
0.812000
0.960999
1.172001
1.132999
1.241999
1.187999
1.164000
1.164000
1.109000
1.140999
1.125001
1.078001
1.016000
0.922000
0.984000
1.008000
0.930000
0.944999
1.094000
1.156000
1.257999
1.226999
1.172001
1.203000
1.140999
1.140999
1.125001
1.062000
1.069999
1.117000
1.062000
1.101999
1.101999
1.023000
1.086000
1.101999
1.016000
1.039001
0.992000
0.914000
0.836000
0.797000
0.812000
0.820000
1.101999
1.132999
1.016000
1.218999
1.172001
1.172001
1.233999
1.132999
1.156000
1.164000
1.132999
1.117000
1.101999
1.078001
1.117000
1.101999
1.023000
1.078001
1.069999
1.055001
1.069999
1.094000
1.016000
1.055001
1.055001
0.977000
0.992000
0.977000
0.906000
0.891000
1.000000
1.047000
0.977000
1.062000
1.016000
0.930000
0.977000
0.984000
0.944999
1.062000
1.069999
1.008000
0.984000
0.866999
0.805000
0.812000
0.797000
0.992000
1.078001
1.094000
1.047000
1.164000
1.140999
1.062000
1.055001
0.977000
0.938000
1.039001
1.125001
1.078001
1.132999
1.069999
1.000000
1.062000
1.062000
0.977000
1.078001
1.039001
0.984000
1.055001
1.094000
1.000000
0.859000
0.859000
1.172001
1.023000
1.039001
1.140999
1.078001
1.148000
1.156000
1.101999
1.140999
1.094000
1.062000
1.086000
1.008000
1.000000
1.031000
0.984000
0.992000
1.039001
1.008000
1.000000
1.023000
1.000000
1.000000
1.031000
1.000000
0.944999
0.852000
0.781000
0.766000
0.766000
0.844001
0.984000
1.265999
1.140999
1.172001
1.187999
1.125001
1.164000
1.148000
1.132999
1.172001
1.101999
1.109000
1.109000
1.047000
1.078001
1.109000
1.069999
1.094000
1.062000
1.016000
1.031000
1.047000
1.069999
1.156000
1.055001
1.023000
1.086000
1.016000
1.047000
1.039001
1.016000
1.047000
1.008000
1.023000
1.109000
0.992000
0.930000
0.969000
0.992000
0.944999
1.023000
1.109000
0.969000
1.016000
1.078001
1.008000
1.069999
1.023000
0.875000
0.820000
0.844001
0.898001
1.047000
1.211001
1.101999
1.156000
1.132999
1.101999
1.125001
1.117000
1.086000
1.101999
1.069999
1.069999
1.078001
1.023000
1.055001
1.023000
0.992000
1.023000
1.062000
1.047000
1.078001
1.047000
0.960999
1.016000
1.094000
1.039001
1.069999
1.094000
1.031000
1.047000
1.047000
0.977000
0.984000
1.016000
0.977000
0.992000
1.023000
0.992000
1.031000
1.101999
1.008000
1.047000
1.094000
1.008000
1.047000
1.094000
1.008000
1.055001
1.055001
0.992000
1.016000
1.069999
1.000000
1.016000
1.023000
0.960999
1.086000
1.047000
0.953000
0.922000
0.977000
0.977000
1.047000
1.086000
1.016000
1.086000
1.094000
1.008000
1.086000
1.086000
1.008000
1.086000
1.055001
0.977000
1.031000
0.992000
0.960999
1.000000
1.047000
1.000000
1.094000
1.086000
1.055001
1.055001
1.047000
0.953000
0.906000
1.000000
1.008000
1.047000
1.047000
0.977000
1.031000
1.069999
1.008000
1.039001
1.062000
1.000000
1.062000
1.047000
0.977000
1.031000
1.016000
0.969000
0.984000
0.992000
0.930000
0.898001
0.944999
0.977000
0.960999
1.062000
1.101999
1.000000
1.094000
1.055001
0.960999
0.969000
1.023000
1.016000
1.000000
1.069999
1.086000
1.023000
1.069999
1.039001
1.086000
1.078001
0.984000
1.055001
1.055001
0.969000
0.953000
1.023000
1.069999
0.953000
0.977000
0.977000
0.914000
0.914000
1.031000
1.023000
1.031000
1.109000
1.078001
1.078001
1.086000
0.977000
0.938000
0.969000
0.906000
0.875000
1.016000
1.101999
1.023000
1.055001
1.086000
0.992000
1.016000
1.031000
1.039001
1.117000
1.055001
1.086000
1.055001
0.984000
0.984000
1.047000
1.047000
1.023000
1.047000
1.016000
0.960999
1.023000
1.031000
1.039001
1.086000
1.039001
1.023000
1.069999
1.055001
1.047000
1.086000
1.062000
0.984000
1.023000
1.078001
1.000000
0.992000
0.960999
0.891000
0.914000
1.008000
0.977000
1.062000
1.132999
1.008000
1.000000
1.023000
0.969000
0.992000
1.008000
0.969000
1.000000
1.031000
0.984000
0.914000
0.944999
0.984000
0.914000
0.930000
1.008000
0.992000
0.953000
1.016000
1.023000
0.922000
0.914000
1.008000
0.960999
0.969000
1.000000
1.023000
1.008000
1.094000
1.132999
0.992000
1.039001
1.023000
1.016000
1.047000
1.078001
1.016000
1.094000
1.078001
1.016000
1.094000
1.078001
1.000000
1.039001
1.062000
1.000000
1.008000
1.016000
0.992000
1.031000
1.000000
0.960999
1.008000
0.984000
0.969000
0.992000
0.969000
0.944999
1.031000
1.062000
0.984000
1.016000
1.062000
0.953000
1.023000
1.069999
0.984000
1.031000
1.062000
1.000000
1.101999
1.140999
1.031000
1.069999
0.977000
0.922000
0.984000
0.984000
1.069999
1.132999
1.031000
1.086000
1.109000
0.969000
1.000000
1.031000
0.969000
1.047000
1.086000
1.016000
1.086000
1.086000
1.000000
1.039001
1.078001
1.016000
1.031000
1.031000
0.984000
1.008000
1.031000
1.008000
1.062000
1.101999
1.047000
1.062000
1.101999
1.000000
1.023000
1.062000
0.992000
1.008000
1.094000
1.069999
1.125001
1.132999
1.031000
1.109000
1.094000
1.039001
1.016000
0.984000
0.984000
1.008000
0.969000
1.031000
1.039001
0.992000
1.078001
1.069999
1.008000
1.078001
1.039001
0.969000
1.016000
1.086000
0.944999
1.000000
1.062000
1.023000
1.078001
1.078001
1.000000
1.069999
1.078001
0.969000
0.984000
0.977000
0.960999
1.016000
1.055001
1.016000
1.078001
1.031000
1.000000
1.031000
0.984000
1.031000
1.086000
1.000000
1.047000
1.117000
1.086000
1.125001
1.109000
1.055001
1.078001
1.039001
1.000000
1.055001
1.062000
1.000000
1.069999
1.031000
0.992000
1.062000
1.039001
0.969000
1.016000
1.016000
0.969000
0.984000
1.055001
1.016000
1.016000
1.055001
1.055001
0.992000
1.023000
1.023000
0.992000
1.047000
1.039001
0.938000
0.992000
1.000000
1.008000
1.047000
1.069999
1.016000
1.069999
1.086000
0.984000
1.055001
1.062000
0.984000
1.008000
1.023000
1.016000
0.984000
0.906000
0.844001
0.797000
0.820000
0.914000
0.984000
0.930000
0.960999
0.914000
0.812000
0.758000
0.719000
0.695000
0.656000
0.680000
0.656000
0.680000
0.680000
0.680000
0.680000
0.688000
0.680000
0.680000
0.688000
0.727000
0.773000
0.758000
0.766000
0.773000
0.773000
0.852000
0.891000
0.906000
0.891000
0.930000
0.883000
0.883000
0.898001
0.898001
0.891000
0.953000
1.039001
1.031000
1.117000
1.101999
1.109000
1.109000
1.078001
1.125001
1.016000
0.969000
1.094000
1.101999
1.164000
1.156000
1.132999
1.203000
1.109000
1.148000
1.125001
1.094000
0.992000
0.852000
0.891000
1.328001
1.094000
1.164000
1.101999
1.140999
1.156000
1.117000
1.164000
1.101999
1.156000
1.132999
1.062000
1.109000
1.086000
0.992000
0.906000
0.812000
0.844001
0.844001
0.938000
1.069999
1.203000
1.179999
1.086000
1.132999
1.055001
1.000000
1.094000
1.117000
1.164000
1.172001
1.117000
1.172001
1.172001
1.125001
1.172001
1.117000
1.094000
1.109000
0.914000
0.836000
0.875000
1.203000
1.094000
1.156000
1.117000
1.164000
1.140999
1.086000
1.117000
1.062000
1.078001
1.069999
1.016000
1.039001
1.086000
1.000000
1.062000
1.086000
1.016000
1.047000
1.117000
1.000000
1.023000
1.055001
0.977000
0.938000
0.805000
0.750000
0.766000
1.312000
1.000000
1.187999
1.140999
1.117000
1.226999
1.117000
1.241999
1.164000
1.172001
1.218999
1.156000
1.187999
1.148000
1.132999
1.117000
1.078001
1.140999
1.078001
1.094000
1.101999
1.069999
1.062000
1.055001
1.000000
1.047000
1.055001
0.969000
1.008000
1.069999
0.984000
0.944999
1.000000
0.953000
1.023000
1.132999
1.031000
1.094000
1.148000
1.062000
1.055001
1.039001
1.000000
1.086000
1.055001
0.969000
1.008000
1.047000
0.992000
1.086000
1.000000
0.906000
0.922000
1.179999
1.140999
1.132999
1.156000
1.086000
1.125001
1.062000
1.086000
1.125001
1.055001
1.055001
1.125001
1.055001
1.140999
1.101999
1.055001
1.109000
1.086000
1.062000
1.109000
1.047000
1.069999
1.117000
1.016000
1.023000
1.078001
1.000000
1.069999
1.132999
1.062000
1.132999
1.125001
1.031000
1.078001
1.101999
1.039001
1.069999
1.047000
0.953000
0.984000
1.031000
1.000000
1.069999
1.109000
1.055001
1.101999
1.117000
1.031000
1.069999
1.069999
0.984000
1.047000
1.062000
1.000000
1.039001
1.031000
0.960999
1.016000
1.031000
1.008000
1.039001
1.109000
1.023000
1.039001
1.069999
1.000000
1.031000
1.023000
1.008000
1.078001
1.094000
1.047000
1.086000
0.992000
0.938000
0.906000
0.953000
1.031000
1.039001
1.125001
1.125001
1.078001
1.086000
1.094000
1.016000
1.055001
1.078001
1.008000
1.069999
1.109000
1.023000
1.055001
1.086000
1.031000
1.039001
1.069999
1.031000
1.055001
1.069999
1.016000
1.069999
1.069999
1.016000
1.101999
1.078001
1.016000
1.055001
1.062000
0.984000
1.031000
1.047000
0.977000
0.992000
1.039001
1.023000
1.047000
1.047000
1.000000
0.953000
1.008000
0.953000
0.984000
1.047000
0.984000
0.992000
1.008000
1.008000
1.008000
1.078001
1.069999
1.047000
1.094000
1.016000
0.977000
1.031000
1.023000
1.008000
1.125001
1.117000
1.109000
1.101999
1.031000
1.055001
1.094000
1.023000
1.086000
1.094000
1.000000
1.000000
1.055001
1.000000
0.984000
1.062000
1.047000
1.047000
1.069999
0.992000
0.984000
1.023000
0.960999
0.930000
1.000000
0.992000
1.016000
1.039001
0.960999
0.992000
1.086000
1.031000
1.023000
1.148000
1.094000
1.069999
1.047000
0.992000
1.031000
1.078001
1.016000
1.031000
1.062000
0.969000
1.008000
1.062000
1.008000
1.062000
1.101999
1.031000
1.055001
1.062000
1.016000
1.047000
1.069999
1.008000
1.031000
1.055001
0.992000
1.016000
1.062000
0.969000
0.969000
1.008000
0.969000
1.008000
1.031000
1.055001
1.008000
1.031000
1.062000
1.008000
1.016000
1.000000
0.944999
0.992000
1.062000
1.008000
0.984000
1.031000
1.062000
1.000000
1.039001
1.055001
0.992000
0.984000
1.008000
1.062000
1.039001
1.023000
1.086000
1.132999
1.031000
1.062000
1.109000
1.031000
1.047000
1.101999
1.023000
1.047000
1.039001
1.039001
1.069999
1.062000
0.977000
1.039001
1.047000
0.984000
0.992000
1.039001
0.977000
1.000000
1.039001
0.977000
1.031000
1.094000
1.016000
0.992000
1.031000
0.977000
0.977000
1.031000
0.969000
0.922000
0.992000
0.977000
1.047000
1.086000
1.000000
1.055001
1.109000
1.023000
1.069999
1.125001
1.069999
1.086000
1.109000
1.047000
1.062000
1.047000
0.992000
1.000000
1.008000
0.984000
1.086000
1.055001
0.898001
0.797000
0.766000
0.742000
0.789000
1.016000
1.039001
1.226999
1.187999
1.140999
1.172001
1.109000
1.164000
1.156000
1.062000
1.094000
1.125001
1.062000
1.078001
1.055001
1.055001
1.125001
1.101999
0.969000
0.984000
1.016000
1.008000
1.069999
1.109000
1.062000
1.117000
1.069999
1.008000
1.047000
1.000000
1.000000
1.069999
0.992000
1.031000
1.101999
1.055001
1.062000
1.086000
1.047000
1.069999
1.094000
1.047000
1.062000
1.086000
1.047000
1.086000
1.069999
1.047000
1.039001
1.008000
0.984000
1.000000
1.000000
1.062000
1.094000
1.023000
1.094000
1.156000
1.062000
1.101999
1.094000
1.039001
1.078001
1.086000
1.023000
1.078001
1.039001
1.031000
1.069999
1.023000
1.069999
1.101999
0.984000
0.992000
1.023000
0.960999
1.016000
1.094000
1.016000
1.008000
1.039001
1.031000
1.047000
1.039001
1.023000
1.086000
1.094000
1.016000
1.023000
1.008000
0.960999
1.039001
1.069999
1.016000
0.969000
0.984000
0.969000
0.977000
1.000000
1.008000
1.069999
1.008000
1.000000
1.086000
1.016000
0.984000
1.008000
0.969000
0.938000
1.016000
1.000000
0.992000
1.055001
1.047000
1.008000
1.047000
1.055001
0.953000
0.992000
1.008000
1.000000
0.953000
0.977000
0.953000
0.944999
1.055001
1.023000
1.008000
1.062000
1.039001
0.977000
1.062000
1.031000
1.039001
1.069999
1.031000
1.016000
1.023000
0.992000
1.000000
1.000000
0.944999
0.914000
0.930000
0.938000
1.000000
1.023000
0.969000
1.047000
1.094000
1.008000
1.016000
1.000000
0.977000
0.992000
1.000000
1.008000
1.078001
1.047000
0.969000
0.984000
1.031000
0.984000
1.047000
1.062000
0.992000
1.069999
1.109000
1.023000
1.055001
1.069999
1.000000
1.023000
1.069999
0.992000
1.008000
1.069999
1.023000
1.023000
1.094000
1.023000
1.016000
1.039001
1.047000
1.101999
1.039001
1.023000
1.039001
0.960999
0.992000
1.047000
0.992000
1.000000
0.977000
0.914000
0.984000
1.031000
1.016000
1.016000
1.078001
1.000000
1.000000
1.069999
0.992000
1.016000
1.039001
0.930000
0.969000
1.062000
0.944999
0.969000
1.062000
1.023000
1.031000
1.062000
1.008000
1.039001
1.062000
1.008000
1.023000
1.055001
1.016000
1.047000
1.117000
1.047000
1.094000
1.109000
1.062000
1.094000
1.094000
1.008000
1.062000
1.055001
1.008000
1.031000
0.992000
0.938000
0.938000
0.984000
0.984000
1.016000
1.086000
0.969000
0.992000
0.984000
0.944999
0.922000
0.969000
0.984000
0.953000
0.914000
0.914000
1.023000
1.047000
1.062000
1.086000
1.031000
1.069999
1.078001
1.016000
1.055001
1.078001
1.000000
0.984000
1.055001
0.977000
0.977000
1.062000
1.062000
1.069999
1.086000
1.039001
1.031000
1.055001
0.992000
1.023000
1.078001
1.031000
1.047000
1.109000
0.992000
1.039001
1.094000
1.016000
1.047000
1.086000
1.016000
1.078001
1.008000
0.953000
1.008000
1.062000
1.031000
1.078001
1.109000
0.960999
0.922000
0.960999
0.891000
0.852000
0.859000
0.906000
0.898001
0.969000
0.930000
1.008000
1.069999
1.039001
1.039001
1.000000
1.069999
1.109000
1.055001
1.086000
1.031000
1.039001
1.109000
1.055001
1.055001
1.086000
1.031000
1.008000
1.047000
0.969000
0.984000
1.039001
0.977000
0.984000
1.047000
1.069999
1.000000
1.016000
1.008000
0.953000
0.960999
1.069999
1.039001
1.039001
1.125001
1.062000
1.109000
1.140999
0.984000
0.969000
1.031000
1.031000
1.008000
1.078001
1.055001
1.039001
1.062000
1.000000
1.000000
1.062000
1.016000
1.047000
1.086000
1.008000
1.016000
1.086000
1.000000
1.031000
1.078001
1.039001
1.039001
1.069999
1.008000
1.023000
1.023000
0.977000
1.039001
1.094000
1.039001
1.047000
1.023000
0.977000
1.062000
1.078001
1.016000
1.069999
1.069999
1.008000
1.055001
1.069999
0.984000
1.000000
0.938000
0.914000
0.984000
0.992000
1.039001
1.069999
1.008000
0.984000
1.055001
1.023000
0.960999
1.023000
0.984000
0.969000
1.008000
0.984000
0.984000
1.031000
1.047000
1.016000
1.055001
0.992000
1.039001
1.069999
0.984000
1.016000
1.101999
0.992000
1.031000
1.055001
0.944999
0.984000
1.000000
0.969000
1.023000
1.039001
0.984000
1.023000
1.062000
0.984000
1.016000
1.039001
0.992000
0.930000
0.828000
0.789000
0.773000
0.734000
0.750000
0.781000
0.852000
0.859000
0.944999
0.938000
0.906000
0.953000
0.960999
1.023000
1.086000
1.031000
1.047000
1.047000
1.055001
1.047000
1.016000
1.047000
1.069999
1.078001
1.101999
1.023000
1.039001
1.062000
0.960999
0.969000
1.055001
1.016000
0.960999
1.062000
1.023000
0.984000
1.031000
1.031000
0.984000
1.039001
0.984000
0.906000
0.938000
0.984000
0.969000
1.062000
1.101999
1.023000
1.062000
1.062000
0.969000
1.000000
1.047000
0.953000
0.953000
0.984000
0.992000
1.055001
1.069999
1.008000
1.008000
1.031000
0.984000
0.984000
1.055001
1.000000
1.031000
1.086000
1.055001
1.078001
1.109000
1.000000
1.031000
1.069999
1.023000
1.117000
1.109000
1.031000
1.094000
1.069999
1.016000
1.055001
1.031000
0.969000
0.992000
0.922000
0.922000
0.977000
1.218999
1.101999
1.086000
1.117000
1.055001
1.062000
1.047000
0.922000
0.852000
0.836000
0.812000
0.866999
1.016000
1.031000
1.117000
1.101999
1.156000
1.132999
1.055001
1.109000
1.101999
1.039001
1.047000
1.047000
0.977000
1.008000
1.101999
1.023000
1.078001
1.117000
1.000000
1.023000
1.039001
1.016000
1.069999
1.062000
1.023000
1.069999
1.132999
1.078001
1.069999
1.069999
0.984000
0.984000
1.055001
1.008000
0.992000
1.094000
1.008000
0.906000
0.883000
0.883000
0.866999
0.875000
0.930000
0.930000
0.859000
0.836000
0.859000
0.866999
1.125001
1.117000
1.109000
1.109000
1.023000
1.039001
1.078001
1.023000
1.069999
1.078001
1.039001
1.101999
1.039001
1.000000
1.055001
1.016000
1.023000
1.047000
0.992000
0.969000
0.944999
0.906000
0.930000
1.055001
1.047000
1.062000
1.109000
0.969000
0.953000
0.977000
1.039001
0.969000
1.094000
1.132999
1.008000
1.086000
1.069999
0.953000
1.000000
1.055001
0.977000
0.969000
1.078001
1.039001
0.922000
0.969000
1.078001
1.016000
1.031000
1.094000
1.031000
1.047000
1.069999
1.023000
1.016000
1.031000
1.000000
0.984000
1.008000
0.984000
1.039001
1.117000
1.069999
1.132999
1.109000
1.047000
1.062000
1.023000
1.039001
1.069999
1.008000
1.062000
1.078001
1.023000
1.055001
1.069999
0.984000
1.031000
1.078001
1.016000
1.086000
1.101999
1.016000
1.039001
1.069999
0.992000
1.039001
1.039001
0.953000
0.984000
1.069999
0.977000
0.938000
0.944999
0.953000
0.984000
1.039001
1.008000
1.047000
1.078001
1.000000
1.008000
1.016000
0.930000
0.953000
0.977000
1.000000
1.069999
1.132999
1.047000
1.016000
1.039001
1.055001
1.062000
1.148000
1.101999
1.101999
1.047000
0.977000
1.000000
0.969000
0.969000
1.039001
1.016000
1.031000
1.023000
0.930000
0.930000
0.953000
1.000000
0.969000
1.069999
1.023000
1.016000
1.023000
0.953000
0.906000
0.953000
1.016000
1.008000
1.069999
1.101999
1.047000
1.101999
1.086000
1.008000
1.039001
1.078001
1.000000
1.008000
1.069999
0.977000
1.016000
1.086000
0.984000
1.008000
1.031000
0.969000
1.008000
1.078001
0.984000
0.977000
1.069999
1.023000
1.016000
1.069999
1.008000
1.031000
1.055001
1.031000
1.000000
1.055001
1.000000
0.992000
1.031000
1.039001
0.977000
0.969000
0.977000
0.906000
0.938000
0.969000
0.960999
0.969000
0.992000
0.960999
0.960999
0.992000
0.969000
0.992000
0.984000
0.922000
0.960999
1.016000
0.984000
1.094000
1.132999
1.055001
1.055001
1.078001
1.016000
1.055001
1.055001
0.969000
1.031000
1.069999
0.992000
1.047000
1.055001
0.969000
0.944999
1.101999
1.023000
0.960999
0.984000
0.944999
0.836000
0.836000
0.891000
0.891000
0.960999
1.062000
0.977000
1.000000
1.069999
1.031000
1.031000
1.069999
1.008000
1.031000
1.039001
1.008000
1.062000
0.891000
0.789000
0.758000
0.773000
0.805000
0.828000
0.836000
0.914000
0.898001
0.866999
0.960999
0.977000
0.960999