0.018367
0.018367
0.021100
0.022650
0.020050
0.019917
0.020183
0.020183
0.020050
0.018483
0.018750
0.020567
0.021217
0.020450
0.018483
0.019533
0.022400
0.022133
0.020967
0.019017
0.021350
0.021750
0.020700
0.018233
0.020183
0.022267
0.020700
0.020183
0.019133
0.020833
0.022133
0.019667
0.018367
0.020833
0.021867
0.021100
0.019533
0.018233
0.022000
0.023300
0.021100
0.019667
0.020967
0.021750
0.022267
0.020050
0.021100
0.022000
0.022000
0.021617
0.018750
0.018883
0.020450
0.017967
0.018750
0.017183
0.019267
0.025000
0.023433
0.020450
0.022400
0.023833
0.022917
0.020450
0.023050
0.021483
0.020183
0.020050
0.020183
0.020450
0.020450
0.019267
0.019667
0.022533
0.021867
0.019667
0.020700
0.023833
0.020450
0.018883
0.018367
0.022650
0.021483
0.020967
0.019267
0.023567
0.022783
0.021617
0.019400
0.020317
0.022000
0.022000
0.019133
0.019133
0.022533
0.022133
0.021617
0.019400
0.021483
0.022400
0.021867
0.019533
0.020567
0.021483
0.020183
0.020317
0.019133
0.017967
0.020967
0.022267
0.020183
0.018233
0.019133
0.020450
0.020567
0.019133
0.018617
0.021350
0.021217
0.019800
0.018750
0.018483
0.022133
0.021617
0.019917
0.018100
0.020183
0.023300
0.022783
0.020317
0.020567
0.021750
0.021483
0.020183
0.020967
0.023700
0.021867
0.019133
0.019400
0.023433
0.022267
0.020183
0.020567
0.022267
0.021100
0.020183
0.019917
0.021750
0.020833
0.020050
0.018617
0.019267
0.019533
0.019800
0.019400
0.017583
0.019133
0.022000
0.022533
0.019667
0.019017
0.020700
0.021867
0.020967
0.018233
0.019133
0.021100
0.020833
0.019667
0.018367
0.020967
0.020967
0.017700
0.016533
0.019267
0.022267
0.021750
0.019400
0.020050
0.023050
0.020050
0.020050
0.019533
0.021617
0.021483
0.020183
0.020050
0.023567
0.021617
0.019917
0.019017
0.020833
0.021617
0.019800
0.019667
0.020967
0.021217
0.020700
0.018483
0.017050
0.020833
0.023433
0.021750
0.019267
0.021217
0.023300
0.022650
0.021217
0.021100
0.022000
0.022133
0.020567
0.020700
0.021350
0.021617
0.020183
0.019400
0.020317
0.020567
0.019917
0.018750
0.017450
0.020567
0.020967
0.020967
0.019800
0.019400
0.021750
0.021867
0.018750
0.017967
0.020567
0.023700
0.022000
0.019800
0.020183
0.022133
0.021217
0.019917
0.020567
0.021483
0.021350
0.019917
0.019917
0.021750
0.021750
0.019400
0.021617
0.023050
0.022267
0.020183
0.020050
0.020833
0.020700
0.020450
0.018883
0.019667
0.020183
0.020833
0.020833
0.018617
0.017450
0.019667
0.021867
0.021100
0.018883
0.017700
0.017967
0.021350
0.024083
0.020700
0.023967
0.022917
0.022533
0.020317
0.021750
0.022133
0.021617
0.020700
0.018883
0.022000
0.021483
0.021217
0.019667
0.019133
0.022400
0.021350
0.020833
0.019400
0.020317
0.023300
0.022133
0.021217
0.020833
0.022267
0.020567
0.018883
0.019133
0.024350
0.022267
0.020050
0.020317
0.023183
0.022267
0.021217
0.019800
0.021867
0.022133
0.021100
0.019017
0.020317
0.021217
0.020317
0.019667
0.021350
0.022400
0.022000
0.020567
0.019267
0.021217
0.021350
0.021217
0.019400
0.018617
0.021100
0.021483
0.020183
0.018367
0.020450
0.022133
0.021867
0.019917
0.018883
0.020833
0.021100
0.018883
0.018750
0.023183
0.021350
0.021350
0.019400
0.019533
0.022783
0.021483
0.019917
0.020833
0.022000
0.020833
0.020833
0.019017
0.020050
0.022000
0.021100
0.020700
0.018617
0.021100
0.021617
0.020833
0.019133
0.019917
0.023050
0.021617
0.020183
0.019133
0.020833
0.019667
0.019533
0.018617
0.021350
0.023433
0.021217
0.020050
0.020700
0.021350
0.021350
0.020967
0.019017
0.020967
0.021750
0.020833
0.020317
0.019017
0.019917
0.021217
0.020050
0.018883
0.019133
0.020317
0.020317
0.019917
0.018483
0.020317
0.021750
0.021867
0.019133
0.019667
0.022917
0.023567
0.021100
0.019267
0.021217
0.021750
0.020183
0.019017
0.020833
0.021100
0.019917
0.018100
0.019133
0.021617
0.022133
0.020567
0.018617
0.020450
0.021350
0.020700
0.019267
0.018100
0.019667
0.021483
0.021100
0.019133
0.018483
0.020050
0.020833
0.021100
0.018483
0.018367
0.020700
0.022917
0.019667
0.020317
0.022533
0.021867
0.020050
0.019800
0.020833
0.022267
0.019400
0.020183
0.020967
0.020700
0.019133
0.018483
0.022400
0.021483
0.020700
0.019667
0.021217
0.021867
0.019533
0.018233
0.016150
0.016800
0.019917
0.023833
0.022917
0.022133
0.024483
0.022533
0.019017
0.020050
0.021617
0.019667
0.018233
0.017700
0.025783
0.024867
0.023700
0.022400
0.022000
0.022917
0.021750
0.020050
0.019267
0.019667
0.022650
0.020967
0.020567
0.020450
0.018483
0.020183
0.022267
0.020833
0.018750
0.017183
0.021217
0.022267
0.020967
0.018617
0.021100
0.021483
0.020050
0.019133
0.017183
0.019267
0.021483
0.021750
0.019533
0.018367
0.021217
0.022133
0.021350
0.019267
0.019400
0.021750
0.021483
0.020700
0.019133
0.019667
0.020450
0.020567
0.018750
0.016400
0.015633
0.016533
0.019667
0.016667
0.016283
0.015367
0.014450
0.013933
0.013800
0.013667
0.013667
0.013667
0.013417
0.013150
0.012633
0.012767
0.012633
0.012367
0.012367
0.012117
0.012233
0.012117
0.012117
0.011850
0.012117
0.011983
0.011983
0.012117
0.012233
0.012233
0.012500
0.015633
0.016150
0.018617
0.021100
0.021483
0.020567
0.018100
0.019667
0.021867
0.022400
0.021617
0.018750
0.017583
0.022650
0.025133
0.024083
0.021483
0.022783
0.024083
0.022650
0.021617
0.021350
0.024083
0.023433
0.022133
0.020317
0.017050
0.025517
0.024617
0.021867
0.019667
0.020967
0.023433
0.024617
0.019267
0.020833
0.023433
0.024217
0.021750
0.024617
0.023567
0.023567
0.020700
0.021350
0.023183
0.021867
0.021100
0.017967
0.016800
0.024617
0.023433
0.021483
0.019017
0.022133
0.021617
0.020967
0.019533
0.019917
0.023050
0.020317
0.018750
0.016533
0.017450
0.024483
0.020967
0.016533
0.015633
0.015500
0.015233
0.015233
0.023300
0.020317
0.021483
0.021483
0.021867
0.019917
0.018750
0.018750
0.016933
0.016800
0.016667
0.016933
0.016283
0.016800
0.016800
0.016533
0.021867
0.019800
0.018233
0.017833
0.017700
0.016017
0.016150
0.021750
0.023300
0.017700
0.016533
0.018750
0.018750
0.016283
0.015750
0.015367
0.015100
0.014583
0.014583
0.017450
0.020183
0.024733
0.022783
0.021483
0.020317
0.021217
0.021617
0.021217
0.020833
0.018483
0.016283
0.015883
0.016667
0.016283
0.015367
0.025383
0.022533
0.025517
0.023050
0.022650
0.020700
0.021350
0.021100
0.021350
0.020567
0.020450
0.018367
0.024217
0.023700
0.021350
0.020450
0.019400
0.020317
0.022783
0.020833
0.019800
0.018367
0.017317
0.020567
0.022783
0.022267
0.019400
0.021350
0.022533
0.021483
0.021350
0.020050
0.021483
0.023050
0.021217
0.018367
0.017833
0.022133
0.024350
0.023050
0.022400
0.019800
0.021350
0.021750
0.020050
0.017967
0.019917
0.022917
0.022000
0.020967
0.018750
0.019667
0.022400
0.020317
0.018750
0.017183
0.020183
0.020317
0.020050
0.019267
0.017967
0.024483
0.023967
0.021617
0.017317
0.015883
0.015367
0.014850
0.016150
0.024867
0.022533
0.024350
0.024350
0.022917
0.021100
0.022533
0.022267
0.021617
0.022133
0.020700
0.019267
0.019267
0.023833
0.023183
0.022000
0.020050
0.017583
0.022533
0.021217
0.021617
0.019917
0.019667
0.020700
0.020700
0.020833
0.018750
0.019533
0.023567
0.023833
0.022133
0.020317
0.023183
0.023433
0.022133
0.022000
0.020183
0.019017
0.020833
0.021867
0.020450
0.019400
0.017700
0.021867
0.024483
0.022133
0.020317
0.021483
0.022267
0.021483
0.019017
0.016933
0.014850
0.014450
0.014967
0.023700
0.017450
0.018750
0.018617
0.024083
0.024083
0.023567
0.021217
0.022650
0.023567
0.023300
0.022783
0.021217
0.021350
0.019400
0.020050
0.020700
0.019400
0.020183
0.022917
0.022267
0.021750
0.019800
0.019400
0.020567
0.022267
0.021483
0.019533
0.019533
0.022783
0.022533
0.022000
0.019533
0.019267
0.020833
0.021617
0.021483
0.019533
0.019017
0.021750
0.021750
0.020450
0.018617
0.017317
0.020967
0.024733
0.023183
0.021617
0.023300
0.021867
0.020967
0.019133
0.019667
0.020567
0.022650
0.019917
0.020450
0.024217
0.022650
0.021867
0.019400
0.019667
0.021867
0.022400
0.021217
0.019267
0.021617
0.024217
0.022917
0.020967
0.018233
0.019133
0.025267
0.021100
0.020833
0.018883
0.025000
0.025000
0.024483
0.021483
0.024867
0.022400
0.023183
0.021750
0.022917
0.023700
0.021867
0.019667
0.018750
0.021217
0.021867
0.021867
0.020967
0.019667
0.023433
0.022783
0.021867
0.020567
0.019133
0.021483
0.023700
0.021350
0.020450
0.018617
0.019800
0.021867
0.021750
0.019400
0.018367
0.020050
0.021750
0.022400
0.020050
0.021867
0.024217
0.021100
0.020317
0.018233
0.021217
0.022133
0.022133
0.017967
0.018617
0.022133
0.023183
0.020567
0.019917
0.020967
0.021350
0.020567
0.018100
0.019800
0.020450
0.022000
0.021483
0.019533
0.021617
0.023183
0.022917
0.020967
0.018883
0.020833
0.022400
0.023183
0.020567
0.019800
0.021750
0.021217
0.020700
0.020050
0.018483
0.021867
0.021867
0.021617
0.020967
0.019133
0.021350
0.021867
0.021867
0.021350
0.018617
0.019667
0.021617
0.020833
0.020317
0.018883
0.018750
0.021617
0.022133
0.020833
0.019533
0.019400
0.023050
0.021617
0.019533
0.018883
0.020183
0.021350
0.020967
0.019800
0.020967
0.021617
0.022000
0.019667
0.018750
0.019400
0.019800
0.021350
0.019667
0.019267
0.021617
0.023050
0.021867
0.019917
0.020967
0.021217
0.021100
0.020567
0.018233
0.016533
0.017317
0.024617
0.022650
0.020700
0.024350
0.023300
0.022650
0.020833
0.022533
0.022000
0.021867
0.019917
0.018750
0.020700
0.021617
0.020967
0.018750
0.019133
0.022000
0.022650
0.021350
0.019917
0.021617
0.023050
0.020967
0.016800
0.016150
0.026033
0.025783
0.024217
0.021750
0.024867
0.023833
0.023183
0.020183
0.019917
0.022533
0.024483
0.021750
0.020700
0.019800
0.022533
0.021483
0.020317
0.019800
0.018750
0.021100
0.021100
0.017700
0.016283
0.015633
0.023433
0.023833
0.023567
0.021217
0.021100
0.023433
0.022400
0.019267
0.022917
0.024217
0.022917
0.021217
0.021350
0.023700
0.022533
0.021483
0.019800
0.017967
0.020317
0.024867
0.021867
0.019800
0.020967
0.022533
0.021867
0.022000
0.019667
0.021483
0.019133
0.018617
0.017833
0.015750
0.015750
0.023050
0.020183
0.017700
0.018100
0.019267
0.018483
0.022650
0.024483
0.023050
0.020833
0.020967
0.020050
0.020967
0.021617
0.021483
0.020317
0.019017
0.020833
0.021750
0.021750
0.020700
0.018750
0.018883
0.021350
0.022133
0.021350
0.020833
0.019267
0.018367
0.017833
0.019667
0.020567
0.019267
0.016533
0.017317
0.024867
0.022650
0.020700
0.023567
0.023050
0.021750
0.019533
0.019133
0.020967
0.020700
0.021750
0.019667
0.020317
0.021867
0.019667
0.020450
0.019917
0.020967
0.025517
0.023183
0.021617
0.020967
0.020317
0.022000
0.021350
0.020967
0.020183
0.019400
0.019667
0.020833
0.021617
0.020050
0.020567
0.024350
0.022400
0.022783
0.019667
0.020317
0.021217
0.021617
0.021217
0.019267
0.018233
0.020567
0.021217
0.019267
0.017583
0.018883
0.023183
0.021867
0.019400
0.021483
0.021617
0.021617
0.020183
0.019533
0.020700
0.022133
0.021750
0.019800
0.019400
0.019800
0.021867
0.021617
0.020567
0.018367
0.017450
0.022133
0.020317
0.019917
0.022783
0.022783
0.018483
0.017833
0.021217
0.022133
0.020183
0.019017
0.022267
0.023050
0.021867
0.019267
0.019400
0.021217
0.021483
0.020450
0.018617
0.019017
0.023300
0.022533
0.021483
0.024083
0.022917
0.020317
0.021100
0.025383
0.023700
0.020967
0.017700
0.024617
0.023433
0.021100
0.021483
0.023433
0.022650
0.020317
0.019800
0.021867
0.021617
0.020450
0.018367
0.019133
0.020700
0.020317
0.021100
0.019017
0.016017
0.015633
0.024217
0.019917
0.018750
0.020567
0.025917
0.023567
0.022400
0.021217
0.023183
0.022533
0.020700
0.018617
0.020317
0.022267
0.017450
0.015883
0.016283
0.026567
0.025000
0.022650
0.021867
0.023700
0.022650
0.020833
0.020050
0.022917
0.020833
0.018617
0.017183
0.019533
0.021750
0.020833
0.020050
0.018233
0.019667
0.021217
0.020967
0.019133
0.019533
0.022000
0.020967
0.018100
0.019533
0.022267
0.021750
0.019533
0.019267
0.022133
0.021867
0.021617
0.019533
0.019133
0.019917
0.021750
0.020833
0.019267
0.022917
0.023433
0.022133
0.020567
0.018483
0.021483
0.021750
0.021100
0.018750
0.019667
0.022267
0.020700
0.019533
0.017317
0.019400
0.021217
0.021100
0.018367
0.019533
0.020967
0.020317
0.018233
0.018233
0.021350
0.020050
0.019267
0.018750
0.020700
0.019533
0.019667
0.019017
0.021350
0.019667
0.019667
0.018483
0.019533
0.021867
0.020567
0.019400
0.018883
0.019917
0.020567
0.018750
0.018883
0.020450
0.020050
0.018367
0.017050
0.018483
0.020317
0.019800
0.018883
0.017317
0.016933
0.018233
0.019917
0.018100
0.017050
0.017583
0.017583
0.021750
0.019133
0.020700
0.025133
0.022533
0.022533
0.023050
0.020567
0.021483
0.021750
0.019533
0.024083
0.022783
0.020050
0.020050
0.023300
0.021100
0.018883
0.021217
0.021867
0.020317
0.018100
0.021867
0.023833
0.020700
0.018367
0.019267
0.020833
0.019800
0.018233
0.020317
0.020317
0.019533
0.019017
0.019017
0.019667
0.017967
0.016933
0.018367
0.020700
0.019917
0.017967
0.019017
0.021617
0.020700
0.018883
0.019017
0.020050
0.020050
0.019267
0.016400
0.017050
0.021483
0.020317
0.019533
0.017050
0.016017
0.017450
0.022917
0.021483
0.019667
0.016800
0.016283
0.019533
0.022133
0.020567
0.018483
0.017700
0.019800
0.020967
0.019800
0.019133
0.017833
0.017050
0.019800
0.021750
0.020183
0.017317
0.017317
0.020450
0.021483
0.020450
0.017967
0.017183
0.020450
0.020183
0.020183
0.019267
0.019400
0.019017
0.019917
0.020050
0.020450
0.023433
0.019267
0.016400
0.015500
0.016150
0.026033
0.021350
0.021350
0.025000
0.022400
0.021350
0.019267
0.020567
0.021483
0.019400
0.018883
0.019267
0.021750
0.023300
0.020317
0.019800
0.017583
0.018233
0.019267
0.019533
0.019133
0.019267
0.018483
0.020050
0.020317
0.020450
0.018483
0.017833
0.020967
0.020317
0.020700
0.017833
0.018483
0.020317
0.021483
0.021100
0.018750
0.017833
0.020050
0.021867
0.020967
0.020183
0.018617
0.020050
0.020050
0.020317
0.019400
0.018100
0.019800
0.020183
0.019917
0.018883
0.018483
0.018233
0.020183
0.020567
0.019017
0.019017
0.018617
0.016533
0.015883
0.015367
0.019800
0.025383
0.022400
0.019133
0.019800
0.023300
0.021100
0.019267
0.017317
0.018100
0.020833
0.020050
0.019800
0.019267
0.017967
0.020317
0.021750
0.022000
0.020967
0.020567
0.020450
0.024733
0.022650
0.021217
0.018100
0.016933
0.024867
0.020450
0.024083
0.024483
0.023300
0.020833
0.022783
0.023833
0.021617
0.019267
0.017183
0.020967
0.021617
0.021100
0.017833
0.016150
0.016533
0.023833
0.020833
0.016933
0.018883
0.022783
0.023433
0.021617
0.019267
0.020833
0.022917
0.021867
0.021750
0.019917
0.019400
0.020967
0.021100
0.020050
0.019917
0.017833
0.016017
0.015100
0.014850
0.014450
0.014450
0.015883
0.025383
0.021483
0.023967
0.023700
0.022917
0.021100
0.020317
0.022533
0.021217
0.020967
0.019917
0.018750
0.019800
0.019800
0.019533
0.018883
0.017583
0.020317
0.020967
0.020183
0.019267
0.017967
0.019400
0.021867
0.022133
0.020967
0.020183
0.020183
0.023700
0.022133
0.021750
0.020317
0.020050
0.023300
0.022533
0.020833
0.020833
0.020317
0.018367
0.020450
0.022000
0.021100
0.018883
0.021217
0.022000
0.020833
0.018100
0.019017
0.020050
0.019917
0.019400
0.017583
0.017967
0.019267
0.020567
0.020567
0.020450
0.021867
0.022533
0.019917
0.020183
0.018483
0.015750
0.014967
0.026433
0.025517
0.022267
0.025517
0.024350
0.023300
0.020967
0.022783
0.023433
0.021750
0.019533
0.018750
0.020967
0.021617
0.020567
0.018883
0.017700
0.019800
0.019800
0.021867
0.022917
0.021750
0.022400
0.023967
0.021617
0.023183
0.021483
0.019133
0.020967
0.022000
0.020967
0.018617
0.020317
0.024083
0.024083
0.020967
0.023183
0.023300
0.020833
0.021617
0.018750
0.018883
0.025517
0.022650
0.019017
0.021617
0.021750
0.018883
0.017317
0.017183
0.021350
0.021750
0.019667
0.017450
0.016667
0.016150
0.017317
0.017450
0.015883
0.016933
0.022783
0.021867
0.019800
0.018750
0.020833
0.019917
0.019017
0.017183
0.018100
0.020450
0.019667
0.019133
0.018100
0.020450
0.020183
0.017833
0.016933
0.016150
0.015367
0.014450
0.014450
0.027217
0.024867
0.021217
0.023433
0.023833
0.023050
0.020450
0.018483
0.022000
0.021350
0.021483
0.020050
0.018367
0.017833
0.021483
0.022650
0.019667
0.018233
0.017317
0.018233
0.018367
0.017183
0.015750
0.015100
0.016933
0.026033
0.022400
0.019917
0.021350
0.022533
0.021100
0.019400
0.018883
0.018617
0.022267
0.020567
0.019667
0.018750
0.016933
0.018883
0.022133
0.020567
0.020450
0.019533
0.021217
0.021750
0.020967
0.020050
0.018233
0.019917
0.020567
0.020833
0.019917
0.017967
0.018483
0.020567
0.020967
0.020450
0.018883
0.017700
0.019533
0.021217
0.020317
0.018883
0.019133
0.020967
0.021350
0.020833
0.018750
0.020050
0.021750
0.021617
0.021217
0.019667
0.020567
0.024733
0.022267
0.021217
0.019133
0.021483
0.022000
0.020567
0.018883
0.018100
0.022650
0.021483
0.020833
0.018483
0.017833
0.019267
0.020700
0.019800
0.018233
0.018100
0.020567
0.021483
0.020567
0.018483
0.018617
0.021350
0.019800
0.019017
0.020967
0.021350
0.021217
0.019133
0.021750
0.023050
0.020967
0.018883
0.020833
0.022133
0.020967
0.019267
0.020317
0.021750
0.021867
0.019917
0.018100
0.020450
0.022000
0.021217
0.020050
0.019917
0.023300
0.021867
0.019267
0.021100
0.022533
0.022267
0.019133
0.020833
0.022650
0.021617
0.019133
0.019133
0.022267
0.022400
0.021350
0.020050
0.022000
0.023050
0.021617
0.020183
0.023050
0.021483
0.019800
0.016933
0.021350
0.024483
0.023300
0.019533
0.019017
0.022533
0.021617
0.021617
0.019917
0.017583
0.016533
0.015883
0.022400
0.018233
0.025650
0.026700
0.024483
0.020700
0.023050
0.025133
0.023567
0.020700
0.021217
0.025133
0.023183
0.022400
0.019133
0.020833
0.023433
0.022133
0.021350
0.019917
0.020317
0.021100
0.021350
0.020317
0.019017
0.018233
0.022650
0.021217
0.020317
0.019917
0.019400
0.022400
0.023300
0.022533
0.021100
0.022533
0.021217
0.017700
0.016533
0.020183
0.022000
0.022000
0.019800
0.019917
0.022917
0.022133
0.020317
0.019267
0.020967
0.021350
0.020450
0.019267
0.017967
0.019533
0.020833
0.020700
0.019017
0.017317
0.020567
0.022650
0.022533
0.021350
0.020183
0.021483
0.020567
0.019267
0.018617
0.020700
0.022000
0.020967
0.019533
0.018367
0.021217
0.020967
0.020567
0.017833
0.018617
0.022133
0.021483
0.019917
0.017700
0.019017
0.021217
0.020967
0.018617
0.017050
0.023050
0.023050
0.022917
0.019267
0.020050
0.021217
0.021350
0.021483
0.019917
0.018233
0.019267
0.021100
0.021217
0.019667
0.021100
0.023700
0.023183
0.021217
0.019400
0.021100
0.022133
0.021100
0.020567
0.019533
0.019800
0.021867
0.020700
0.019667
0.018367
0.020317
0.021100
0.018883
0.018483
0.016800
0.024617
0.023433
0.024217
0.022917
0.024733
0.023833
0.024350
0.023967
0.022400
0.020700
0.023050
0.022400
0.022133
0.021617
0.021483
0.019667
0.019533
0.020450
0.021100
0.019133
0.018483
0.020833
0.020567
0.020450
0.018100
0.017967
0.021867
0.019800
0.018483
0.020050
0.020967
0.020700
0.020567
0.018883
0.021100
0.022000
0.021617
0.021100
0.020183
0.021350
0.021217
0.021750
0.020567
0.018883
0.019400
0.021867
0.021217
0.021617
0.019917
0.020317
0.021100
0.020967
0.020700
0.019667
0.018750
0.020567
0.020700
0.021750
0.020450
0.019267
0.021483
0.021867
0.020450
0.018233
0.020567
0.021617
0.020317
0.018100
0.017967
0.021350
0.022533
0.021750
0.020183
0.021483
0.021350
0.019800
0.021100
0.022783
0.021483
0.020833
0.019533
0.020317
0.022400
0.021867
0.021617
0.019533
0.019800
0.021867
0.021350
0.020967
0.018883
0.019533
0.020700
0.021350
0.020967
0.018750
0.019667
0.020700
0.021617
0.019917
0.020567
0.023183
0.021483
0.020567
0.018883
0.019533
0.021217
0.020567
0.019133
0.021217
0.021617
0.020700
0.020050
0.020967
0.022000
0.021750
0.019400
0.020567
0.022917
0.022133
0.020700
0.020567
0.023050
0.021350
0.020183
0.019017
0.019133
0.020183
0.020450
0.020567
0.018883
0.019917
0.020700
0.020833
0.019533
0.020050
0.020967
0.020700
0.019533
0.018883
0.018883
0.019267
0.021483
0.022000
0.020833
0.023183
0.022650
0.021867
0.020567
0.021483
0.023567
0.022917
0.021483
0.019800
0.020450
0.021483
0.021217
0.021100
0.019533
0.021217
0.021217
0.021350
0.020317
0.019533
0.021100
0.020317
0.019400
0.018233
0.017050
0.017317
0.020833
0.021100
0.020833
0.024483
0.024350
0.021483
0.020317
0.022000
0.021750
0.019917
0.018750
0.020567
0.022267
0.022533
0.020450
0.021350
0.023567
0.022133
0.020967
0.020050
0.023833
0.022783
0.021617
0.019667
0.021217
0.021867
0.021867
0.020700
0.019017
0.022000
0.023183
0.020967
0.020050
0.019267
0.022133
0.022133
0.020833
0.018883
0.019800
0.020833
0.020183
0.019667
0.020050
0.022650
0.022267
0.020567
0.018883
0.020567
0.020833
0.020567
0.019267
0.018617
0.021483
0.021750
0.020567
0.019533
0.019133
0.021100
0.021750
0.020567
0.019267
0.021217
0.022533
0.021617
0.019400
0.018750
0.020833
0.023050
0.021217
0.021617
0.023050
0.021867
0.020050
0.020833
0.022133
0.021867
0.019917
0.020700
0.021750
0.021100
0.020317
0.019800
0.021350
0.021483
0.020700
0.019267
0.018233
0.018483
0.020050
0.019133
0.017833
0.018483
0.021617
0.021617
0.019533
0.021100
0.023183
0.020450
0.018367
0.018617
0.020317
0.020317
0.019267
0.019400
0.021100
0.020567
0.019133
0.019400
0.020567
0.020050
0.019400
0.020567
0.022400
0.021483
0.020450
0.019133
0.021350
0.022133
0.021483
0.019800
0.020317
0.021100
0.021217
0.021100
0.019133
0.020833
0.021350
0.021750
0.020700
0.019133
0.019533
0.020450
0.021350
0.020700
0.018483
0.019917
0.020833
0.020833
0.019133
0.018483
0.020567
0.020450
0.020317
0.018233
0.020317
0.022650
0.021483
0.019917
0.020567
0.022000
0.022000
0.020183
0.019400
0.022000
0.021217
0.020317
0.018367
0.019800
0.020450
0.019800
0.018883
0.018617
0.020967
0.021617
0.020700
0.018883
0.017967
0.021350
0.021350
0.021483
0.018750
0.020567
0.020967
0.021100
0.020183
0.020567
0.022000
0.021350
0.020050
0.018617
0.020317
0.021217
0.020967
0.019133
0.020317
0.020450
0.020317
0.019400
0.020183
0.022533
0.022133
0.019533
0.020450
0.021867
0.021100
0.019533
0.020967
0.020700
0.021100
0.019800
0.019917
0.020967
0.021750
0.019667
0.019267
0.020567
0.020700
0.019533
0.018617
0.020567
0.021617
0.021217
0.020317
0.020967
0.020567
0.020317
0.019267
0.018483
0.020050
0.020833
0.018750
0.016533
0.016017
0.017183
0.015883
0.015100
0.014967
0.014967
0.015233
0.014717
0.014450
0.014317
0.013800
0.014067
0.013933
0.013533
0.013150
0.013283
0.013150
0.013150
0.012883
0.013150
0.012633
0.013017
0.012767
0.012500
0.012233
0.012117
0.011717
0.011717
0.011717
0.011467
0.011067
0.011200
0.011200
0.011067
0.010933
0.010933
0.011067
0.011200
0.012117
0.012367
0.012767
0.014067
0.017183
0.018750
0.017700
0.017967
0.021217
0.019800
0.022650
0.022533
0.023833
0.022000
0.019400
0.020700
0.018367
0.017317
0.019533
0.017833
0.017450
0.019533
0.024867
0.023300
0.018883
0.020833
0.022650
0.018483
0.018617
0.025650
0.020700
0.017967
0.017317
0.017833
0.018750
0.018367
0.016800
0.020567
0.018750
0.024483
0.023050
0.023567
0.022400
0.020700
0.019800
0.019400
0.016800
0.017450
0.022533
0.017833
0.016017
0.015750
0.015883
0.015233
0.018367
0.019017
0.022400
0.024483
0.021350
0.020967
0.023967
0.024083
0.023700
0.022400
0.020450
0.022917
0.022917
0.021750
0.020050
0.018883
0.021100
0.021617
0.019133
0.016933
0.018483
0.023050
0.020967
0.019017
0.018367
0.016533
0.015750
0.016800
0.015633
0.015500
0.017583
0.017317
0.016150
0.014450
0.014067
0.013800
0.013667
0.013283
0.013017
0.012633
0.013150
0.012767
0.012633
0.013283
0.013150
0.013283
0.013283
0.013667
0.014450
0.014717
0.014967
0.015367
0.019800
0.020050
0.022400
0.020700
0.019800
0.022533
0.023050
0.020050
0.021100
0.023700
0.023300
0.020567
0.023183
0.023183
0.022917
0.019917
0.019400
0.018617
0.018100
0.017450
0.018233
0.020567
0.021750
0.019400
0.023833
0.022533
0.020700
0.023567
0.023300
0.021100
0.022650
0.023433
0.023433
0.022133
0.020450
0.022917
0.023050
0.019533
0.017317
0.016800
0.017700
0.025917
0.025517
0.024733
0.022133
0.021867
0.022533
0.022133
0.020967
0.022400
0.023050
0.020700
0.018367
0.018883
0.023967
0.023300
0.020050
0.022400
0.023967
0.022400
0.020183
0.021483
0.023700
0.021483
0.019400
0.022400
0.021217
0.021483
0.019533
0.021750
0.024867
0.023567
0.021617
0.019800
0.022533
0.022533
0.021100
0.019917
0.019133
0.021750
0.021350
0.019017
0.019133
0.021867
0.019133
0.017450
0.016283
0.019800
0.022650
0.019800
0.022133
0.023433
0.020450
0.023700
0.022783
0.020317
0.022917
0.022783
0.020567
0.022783
0.023567
0.022917
0.020450
0.022533
0.023050
0.020450
0.017050
0.015367
0.014717
0.015883
0.015883
0.016150
0.015500
0.014717
0.014583
0.014850
0.014583
0.014450
0.013533
0.014200
0.013533
0.013417
0.013283
0.013150
0.012883
0.013150
0.013533
0.015883
0.018100
0.017050
0.018617
0.020700
0.017050
0.016667
0.016533
0.017967
0.016283
0.015883
0.020050
0.018483
0.023050
0.024483
0.022917
0.019800
0.019667
0.023300
0.023567
0.021867
0.019133
0.019267
0.023433
0.023967
0.021867
0.019800
0.020567
0.022917
0.024217
0.022133
0.021483
0.018883
0.018750
0.024733
0.024350
0.021867
0.019533
0.019800
0.022783
0.022133
0.019667
0.018100
0.021100
0.022650
0.021750
0.019133
0.018483
0.020567
0.023050
0.021867
0.019133
0.020700
0.023183
0.022917
0.020833
0.019400
0.022000
0.022000
0.021617
0.019400
0.019400
0.022783
0.021867
0.021350
0.019400
0.018750
0.022783
0.022917
0.021617
0.019800
0.019400
0.023567
0.022400
0.021867
0.019917
0.020567
0.022650
0.021617
0.020700
0.022400
0.022533
0.022267
0.021750
0.020050
0.022000
0.022133
0.021750
0.021100
0.018883
0.018233
0.021867
0.023050
0.022133
0.020450
0.019533
0.023833
0.022917
0.021617
0.019667
0.018617
0.024083
0.023833
0.022400
0.020183
0.024083
0.022783
0.022783
0.020833
0.021350
0.023183
0.022400
0.021217
0.020050
0.021483
0.020700
0.021217
0.019917
0.019267
0.023700
0.023183
0.021750
0.019800
0.021217
0.023567
0.022133
0.020050
0.019017
0.022533
0.023183
0.021100
0.019133
0.020833
0.022783
0.020967
0.018617
0.018617
0.019400
0.020050
0.018883
0.017450
0.020700
0.024867
0.019267
0.018883
0.023300
0.024350
0.021350
0.023433
0.024217
0.023050
0.020450
0.021217
0.024350
0.022267
0.021100
0.019133
0.019917
0.022917
0.022650
0.020700
0.019533
0.022133
0.022783
0.021750
0.020450
0.023300
0.022783
0.021350
0.018233
0.016933
0.019800
0.025000
0.023300
0.021483
0.023050
0.022917
0.021750
0.019917
0.022000
0.022650
0.020833
0.019017
0.018617
0.021350
0.022133
0.020967
0.019267
0.018883
0.022783
0.023300
0.021483
0.018883
0.019917
0.022917
0.022783
0.020050
0.018233
0.020050
0.020967
0.017967
0.015750
0.014717
0.014583
0.015633
0.016150
0.015100
0.015500
0.015883
0.017317
0.016800
0.016017
0.015883
0.017450
0.017050
0.016150
0.016150
0.014717
0.015100
0.014967
0.015633
0.016533
0.018617
0.018233
0.016800
0.018617
0.023967
0.019017
0.019917
0.026300
0.024083
0.022400
0.019533
0.021350
0.025917
0.023567
0.022000
0.021483
0.023183
0.023050
0.022533
0.020183
0.020833
0.025133
0.022650
0.022650
0.020967
0.020050
0.021750
0.021217
0.020833
0.019133
0.019800
0.023567
0.022267
0.020967
0.018367
0.016800
0.017833
0.024483
0.024217
0.022783
0.022650
0.026033
0.024217
0.022400
0.021217
0.023183
0.023050
0.020700
0.024350
0.024083
0.024083
0.021750
0.023833
0.023833
0.023183
0.021483
0.021100
0.024617
0.022533
0.021100
0.021483
0.022533
0.022400
0.020450
0.022533
0.022400
0.021867
0.020450
0.020833
0.021617
0.022133
0.020317
0.019917
0.023050
0.021867
0.023567
0.022783
0.022000
0.020833
0.021350
0.023183
0.022917
0.020567
0.021217
0.023183
0.022917
0.020967
0.020833
0.022917
0.022000
0.020567
0.019133
0.019800
0.022783
0.021100
0.019267
0.020833
0.023050
0.020967
0.019667
0.019400
0.020317
0.021100
0.020183
0.017700
0.016800
0.020833
0.024867
0.022650
0.022000
0.024483
0.023433
0.022267
0.021617
0.024617
0.022917
0.022267
0.020050
0.021483