0.995000
1.010000
1.005000
1.025000
1.010000
0.970000
0.915000
0.930000
0.915000
0.935000
0.935000
0.925000
0.910000
0.935000
0.970000
1.000000
1.005000
0.955000
0.965000
0.975000
0.970000
0.965000
0.955000
0.925000
0.935000
0.910000
0.865000
0.825000
0.815000
0.815000
0.800000
0.785000
0.800000
0.795000
0.770000
0.765000
0.820000
0.885000
0.935000
0.920000
0.880000
0.860000
0.875000
0.915000
0.945000
0.940000
0.970000
0.995000
1.055000
1.115000
1.090000
1.035000
0.950000
0.930000
0.990000
1.035000
1.050000
0.960000
0.940000
0.990000
1.040000
1.090000
0.985000
0.925000
0.915000
0.985000
1.080000
1.105000
1.060000
1.000000
1.015000
1.030000
1.070000
1.060000
0.955000
0.960000
1.000000
1.045000
1.040000
0.970000
0.955000
0.980000
1.020000
1.050000
0.995000
0.975000
1.020000
1.070000
1.065000
0.980000
0.960000
1.000000
1.045000
0.965000
0.940000
0.995000
1.050000
1.025000
0.960000
0.930000
1.010000
1.080000
1.065000
0.995000
0.965000
1.010000
1.070000
1.060000
0.955000
0.920000
0.955000
1.045000
1.105000
1.105000
1.000000
1.000000
1.045000
1.065000
1.050000
0.950000
0.970000
1.040000
1.065000
1.025000
0.975000
0.950000
0.975000
1.020000
1.085000
1.055000
0.960000
0.930000
0.970000
1.005000
1.010000
0.965000
0.905000
0.940000
0.985000
1.040000
0.980000
0.940000
0.985000
1.010000
1.040000
0.960000
0.925000
0.945000
1.020000
1.055000
1.000000
0.945000
1.010000
1.040000
1.025000
0.950000
0.950000
1.000000
1.045000
1.005000
0.945000
0.940000
0.985000
1.045000
1.015000
0.935000
0.935000
0.950000
0.980000
0.950000
0.915000
0.930000
0.980000
1.010000
1.005000
0.930000
0.960000
0.990000
1.010000
0.955000
0.910000
0.955000
1.000000
0.990000
0.950000
0.985000
1.030000
1.010000
0.955000
0.985000
1.015000
1.030000
0.975000
0.980000
1.015000
1.025000
0.975000
0.975000
1.000000
1.000000
0.945000
0.920000
0.955000
0.980000
1.025000
1.020000
0.975000
0.960000
1.000000
1.005000
1.005000
0.940000
0.965000
1.000000
0.985000
0.935000
0.950000
0.985000
0.965000
0.925000
0.975000
0.995000
1.030000
1.090000
0.980000
0.930000
0.965000
1.010000
1.065000
1.025000
0.950000
0.945000
0.970000
1.020000
1.025000
0.975000
0.945000
0.960000
0.975000
1.020000
0.980000
0.925000
0.910000
0.965000
0.990000
1.030000
0.995000
0.935000
0.945000
0.995000
1.020000
0.950000
0.965000
0.995000
0.990000
0.990000
1.055000
1.025000
1.000000
1.055000
1.040000
0.935000
0.935000
1.000000
1.035000
0.985000
1.000000
1.055000
1.120000
1.030000
1.005000
1.045000
1.065000
0.975000
0.950000
1.010000
1.045000
1.000000
0.955000
0.970000
1.030000
1.065000
0.995000
0.960000
1.000000
1.030000
0.975000
1.025000
1.080000
1.000000
0.925000
0.935000
0.960000
1.020000
0.975000
1.040000
1.055000
1.015000
1.015000
1.035000
1.005000
0.985000
1.010000
0.995000
0.935000
0.955000
0.990000
1.005000
0.945000
0.925000
0.990000
1.055000
1.015000
0.975000
1.045000
1.075000
1.015000
1.015000
1.040000
1.025000
0.995000
1.045000
1.070000
0.970000
0.985000
1.025000
1.010000
0.985000
1.035000
1.035000
1.010000
1.050000
1.080000
1.005000
1.010000
1.045000
1.065000
0.995000
1.010000
1.025000
0.970000
0.960000
1.005000
0.995000
0.950000
0.965000
1.040000
1.055000
1.005000
0.970000
1.005000
1.035000
1.020000
0.995000
1.035000
1.055000
1.025000
0.985000
0.975000
1.035000
1.030000
0.995000
0.945000
0.955000
1.045000
1.060000
1.000000
0.995000
1.015000
1.050000
0.990000
0.990000
1.025000
1.025000
0.965000
0.990000
1.015000
0.990000
1.010000
1.060000
1.055000
0.990000
1.020000
1.040000
1.045000
0.975000
0.975000
1.005000
0.985000
0.935000
0.975000
1.000000
0.950000
0.930000
0.980000
1.035000
1.000000
1.025000
1.055000
1.005000
1.055000
1.110000
1.020000
1.005000
0.995000
0.980000
1.005000
1.020000
0.995000
0.980000
1.015000
1.070000
1.030000
1.065000
1.070000
1.025000
1.030000
1.040000
1.030000
0.970000
1.005000
1.030000
1.005000
0.980000
0.950000
0.955000
0.920000
0.920000
0.945000
0.995000
0.975000
1.015000
1.035000
1.035000
1.010000
1.040000
1.065000
1.060000
0.985000
1.010000
1.030000
0.965000
0.975000
0.980000
1.010000
0.950000
0.980000
1.025000
1.005000
0.985000
1.010000
1.005000
0.975000
1.015000
1.035000
0.955000
0.950000
1.000000
1.025000
0.985000
1.015000
1.035000
1.055000
1.020000
1.010000
1.015000
1.025000
1.050000
0.935000
0.915000
0.960000
0.990000
0.970000
0.955000
1.005000
1.065000
1.045000
0.975000
1.025000
1.075000
1.060000
1.010000
1.045000
1.040000
0.985000
1.000000
0.990000
0.995000
0.955000
0.960000
0.990000
0.995000
0.955000
1.000000
1.010000
0.980000
0.955000
1.025000
1.025000
0.980000
1.010000
1.015000
0.990000
1.000000
1.040000
1.025000
0.965000
0.995000
1.020000
1.000000
0.945000
0.980000
1.010000
1.010000
0.985000
1.015000
1.045000
1.020000
0.990000
1.010000
1.010000
0.815000
1.120000
0.955000
0.935000
0.885000
0.935000
0.985000
0.955000
0.985000
1.045000
1.030000
0.990000
1.085000
1.065000
1.010000
1.020000
1.035000
1.025000
0.995000
1.040000
1.040000
0.990000
1.020000
1.015000
1.005000
1.005000
1.025000
1.045000
1.045000
1.005000
1.070000
1.030000
0.950000
0.975000
1.010000
1.010000
1.000000
1.020000
0.995000
1.020000
1.060000
1.020000
0.975000
1.015000
1.050000
0.990000
0.990000
1.025000
1.015000
0.970000
0.990000
1.010000
0.960000
1.015000
1.050000
1.005000
1.020000
1.025000
1.025000
0.965000
0.995000
1.000000
0.960000
0.970000
1.030000
1.000000
0.955000
0.985000
1.025000
1.090000
1.005000
1.000000
1.015000
0.985000
0.975000
0.980000
1.010000
0.990000
0.975000
0.985000
0.955000
0.965000
0.990000
1.015000
0.965000
0.995000
1.015000
1.000000
0.945000
0.900000
0.940000
0.950000
0.905000
0.925000
1.020000
1.065000
0.995000
1.020000
1.070000
1.090000
0.985000
1.040000
1.015000
0.975000
0.980000
1.030000
1.030000
0.955000
0.985000
1.015000
0.990000
0.985000
1.010000
0.965000
1.000000
1.045000
0.960000
0.985000
0.990000
0.965000
0.990000
1.010000
0.975000
0.985000
0.985000
0.990000
0.925000
0.990000
1.000000
0.970000
1.020000
1.035000
1.010000
0.970000
1.045000
1.050000
0.975000
0.965000
0.995000
1.025000
0.945000
0.960000
1.005000
1.060000
0.990000
1.050000
1.080000
1.065000
1.010000
1.035000
1.040000
1.020000
1.010000
1.010000
1.015000
0.960000
1.005000
1.045000
0.980000
1.020000
1.015000
1.005000
0.930000
0.950000
0.975000
0.950000
0.940000
0.960000
0.950000
0.995000
1.030000
1.055000
0.990000
1.025000
1.020000
1.000000
0.955000
1.010000
1.055000
1.060000
0.975000
1.035000
1.070000
1.030000
1.015000
1.010000
1.040000
0.985000
0.995000
0.980000
0.965000
0.965000
0.955000
0.975000
0.955000
0.930000
0.950000
0.995000
1.000000
0.955000
1.010000
1.020000
1.005000
0.935000
0.995000
1.060000
1.070000
0.985000
1.050000
1.065000
1.040000
1.015000
1.070000
1.100000
1.060000
0.985000
1.025000
1.055000
1.035000
1.030000
1.050000
1.085000
1.045000
0.990000
1.030000
1.025000
0.965000
0.980000
0.975000
0.955000
0.915000
0.870000
0.915000
0.965000
1.045000
0.965000
1.005000
1.025000
1.020000
0.950000
0.980000
1.010000
1.045000
0.980000
1.010000
1.015000
0.945000
1.005000
1.015000
1.005000
0.955000
0.985000
0.995000
1.060000
0.960000
1.005000
1.030000
1.060000
0.990000
0.960000
1.025000
1.030000
0.985000
1.015000
0.985000
0.995000
0.970000
1.000000
1.035000
0.935000
0.965000
0.960000
0.985000
0.925000
1.000000
1.050000
1.010000
0.970000
1.005000
1.025000
0.945000
0.970000
0.985000
0.990000
0.945000
0.990000
0.995000
0.985000
0.955000
0.990000
1.000000
0.940000
0.970000
0.980000
0.995000
0.920000
0.945000
0.960000
0.970000
0.925000
0.980000
0.985000
0.980000
0.920000
0.975000
1.000000
1.010000
0.945000
0.950000
0.930000
0.905000
0.865000
0.900000
0.960000
1.010000
1.005000
0.925000
0.950000
0.920000
0.935000
0.880000
0.855000
0.865000
0.905000
0.885000
0.900000
0.920000
0.965000
0.915000
0.950000
1.000000
1.030000
0.955000
0.995000
1.025000
1.035000
1.015000
1.070000
1.110000
1.080000
1.125000
1.130000
1.135000
1.020000
1.055000
1.045000
0.975000
0.945000
0.945000
1.000000
0.970000
0.920000
0.955000
0.970000
0.980000
1.020000
1.025000
1.055000
0.990000
1.005000
0.990000
0.930000
0.965000
0.930000
0.910000
0.870000
0.880000
0.885000
0.935000
0.920000
0.935000
0.960000
0.975000
0.940000
1.005000
1.025000
1.040000
0.945000
1.025000
1.055000
1.060000
0.955000
1.020000
1.050000
1.065000
1.010000
1.015000
1.020000
0.985000
0.965000
0.960000
0.985000
1.005000
1.025000
0.970000
0.960000
1.005000
1.025000
1.005000
0.960000
1.005000
1.025000
1.050000
1.010000
0.975000
0.970000
0.965000
0.930000
0.870000
0.890000
0.900000
1.025000
1.035000
0.955000
0.990000
0.990000
0.940000
0.970000
1.005000
1.025000
0.965000
0.975000
0.985000
1.005000
0.950000
1.010000
1.025000
1.015000
0.955000
0.980000
0.995000
0.975000
0.925000
0.950000
0.950000
0.950000
0.970000
0.955000
0.985000
0.970000
1.000000
0.980000
0.945000
0.960000
0.980000
0.970000
0.910000
0.940000
0.965000
0.945000
0.900000
0.925000
0.940000
0.960000
0.905000
0.920000
0.960000
0.965000
0.945000
0.905000
0.930000
0.925000
0.855000
0.895000
0.900000
0.925000
0.885000
0.935000
0.950000
0.915000
0.985000
0.970000
0.920000
0.950000
0.940000
0.910000
0.925000
0.945000
0.980000
0.910000
0.925000
0.960000
1.005000
0.950000
0.950000
0.985000
0.990000
0.940000
0.970000
1.000000
1.000000
0.995000
1.045000
0.975000
0.925000
0.960000
0.980000
1.005000
0.960000
1.040000
1.070000
1.105000
1.010000
1.065000
1.090000
1.100000
1.045000
1.020000
1.005000
0.995000
0.960000
0.970000
0.945000
0.930000
0.870000
0.870000
0.870000
0.920000
0.945000
0.900000
0.960000
0.980000
1.005000
0.965000
0.950000
0.960000
0.995000
0.940000
0.965000
1.050000
1.010000
1.010000
1.025000
1.070000
1.040000
1.040000
1.040000
1.035000
0.940000
0.975000
1.000000
0.950000
0.960000
0.975000
0.990000
0.990000
1.010000
1.000000
0.940000
0.975000
0.990000
0.990000
0.985000
1.030000
1.095000
1.055000
0.960000
0.965000
0.995000
1.035000
1.040000
0.980000
1.050000
1.075000
1.075000
0.970000
0.975000
0.975000
0.990000
0.995000
0.925000
0.970000
0.970000
1.005000
0.925000
0.970000
0.990000
0.990000
0.945000
0.980000
0.980000
0.990000
0.935000
0.995000
1.020000
1.025000
0.945000
0.965000
0.960000
0.975000
0.925000
0.945000
0.950000
0.915000
0.905000
0.925000
0.915000
0.890000
0.935000
0.965000
0.945000
0.985000
0.995000
1.005000
0.935000
0.940000
0.950000
0.910000
0.915000
0.915000
0.945000
0.885000
0.935000
0.945000
0.920000
0.945000
0.945000
0.970000
0.950000
0.890000
0.955000
1.015000
1.065000
1.080000
0.990000
0.990000
1.010000
1.010000
0.960000
1.005000
1.020000
1.025000
0.965000
1.000000
1.000000
0.985000
0.975000
0.995000
1.005000
1.030000
0.960000
0.995000
0.965000
0.965000
0.905000
0.885000
0.895000
0.925000
0.945000
0.890000
0.940000
0.965000
0.975000
0.925000
0.960000
0.965000
0.980000
0.945000
0.920000
0.935000
0.935000
0.895000
0.930000
0.940000
0.950000
0.910000
0.945000
0.950000
0.965000
0.920000
0.905000
0.945000
1.000000
0.995000
0.925000
0.940000
1.000000
1.030000
0.970000
1.005000
1.025000
1.055000
0.980000
1.050000
1.055000
1.045000
1.020000
1.030000
1.035000
1.045000
1.060000
0.985000
0.990000
1.010000
0.950000
0.940000
0.975000
0.995000
1.000000
0.935000
0.985000
0.945000
0.880000
0.850000
0.775000
0.745000
0.710000
0.710000
0.730000
0.750000
0.755000
0.750000
0.750000
0.730000
0.690000
0.705000
0.670000
0.645000
0.645000
0.635000
0.630000
0.635030
0.594970
0.625000
0.590000
0.585000
0.580000
0.570000
0.565000
0.565000
0.555000
0.550000
0.540000
0.540000
0.525000
0.525000
0.520000
0.515000
0.505000
0.505000
0.500000
0.495000
0.565000
0.570000
0.490000
0.490000
0.480000
0.500000
0.500000
0.515000
0.535000
0.520000
0.545000
0.535000
0.545000
0.550000
0.355000
0.530000
0.540000
0.550000
0.535000
0.545000
0.550000
0.429990
0.390010
0.324950
0.360050
0.360040
0.394900
0.450060
0.555000
0.560000
0.515000
0.610000
0.565000
0.570000
0.570000
0.575000
0.590000
0.565000
0.585000
0.580000
0.535010
0.624990
0.585000
0.600000
0.595000
0.615000
0.625000
0.630000
0.640000
0.655000
0.660000
0.670000
0.685000
0.685000
0.660000
0.665000
0.655010
0.644990
0.650000
0.675000
0.680000
0.660000
0.680000
0.680000
0.675000
0.680000
0.670000
0.665000
0.665000
0.655000
0.655000
0.645000
0.645000
0.655000
0.635000
0.650000
0.640000
0.635000
0.625000
0.620000
0.620000
0.620000
0.615000
0.630000
0.640000
0.650000
0.655000
0.660000
0.660000
0.660000
0.655000
0.645000
0.645000
0.610000
0.610000
0.600000
0.590000
0.600000
0.570000
0.585000
0.580000
0.585000
0.585000
0.590000
0.595000
0.605000
0.610000
0.610000
0.630000
0.605000
0.615000
0.615000
0.615000
0.615000
0.580000
0.590000
0.590000
0.585000
0.595000
0.580000
0.580000
0.590000
0.570000
0.595000
0.580000
0.580000
0.585000
0.580000
0.580000
0.580000
0.580000
0.575000
0.580000
0.580000
0.590000
0.595000
0.595000
0.605000
0.590000
0.600000
0.605000
0.615000
0.615000
0.635000
0.640000
0.645000
0.655000
0.665000
0.690000
0.695000
0.695000
0.685000
0.680000
0.675000
0.655000
0.655000
0.660000
0.660000
0.695000
0.735000
0.785000
0.785000
0.780000
0.745000
0.710000
0.705000
0.685000
0.700000
0.740000
0.765000
0.790000
0.790000
0.795000
0.765000
0.725000
0.715000
0.725000
0.745000
0.760000
0.770000
0.750000
0.740000
0.735000
0.720000
0.715000
0.745000
0.750000
0.755000
0.760000
0.745000
0.740000
0.740000
0.750000
0.760000
0.765000
0.735000
0.725000
0.720000
0.695000
0.690000
0.675000
0.655000
0.660000
0.655000
0.670000
0.680000
0.710000
0.780000
0.765000
0.760000
0.735000
0.735000
0.725000
0.740000
0.760000
0.750000
0.765000
0.745000
0.745000
0.730000
0.735000
0.750000
0.765000
0.775000
0.760000
0.755000
0.745000
0.755000
0.760000
0.750000
0.740000
0.730000
0.725000
0.725000
0.735000
0.735000
0.730000
0.730000
0.705000
0.700000
0.705000
0.715000
0.715000
0.710000
0.700000
0.685000
0.685000
0.705000
0.725000
0.720000
0.710000
0.705000
0.710000
0.710000
0.725000
0.720000
0.720000
0.730000
0.730000
0.740000
0.740000
0.730000
0.725000
0.715000
0.735000
0.740000
0.735000
0.725000
0.730000
0.735000
0.755000
0.745000
0.735000
0.455000
1.040000
0.720000
0.715000
0.685000
0.685000
0.675000
0.680000
0.725000
0.785000
0.810000
0.835000
0.810000
0.800000
0.815000
0.840000
0.845000
0.810000
0.785000
0.795000
0.790000
0.795000
0.770000
0.770000
0.785000
0.800000
0.805000
0.765000
0.765000
0.755000
0.785000
0.820000
0.805000
0.785000
0.815000
0.815000
0.845000
0.795000
0.785000
0.790000
0.800000
0.810000
0.795000
0.795000
0.795000
0.825000
0.795000
0.780000
0.775000
0.765000
0.770000
0.755000
0.745000
0.745000
0.735000
0.715000
0.695000
0.680000
0.685000
0.700000
0.735000
0.815000
0.820000
0.800000
0.805000
0.845000
0.870000
0.825000
0.800000
0.810000
0.825000
0.815000
0.805000
0.790000
0.790000
0.805000
0.780000
0.765000
0.750000
0.770000
0.795000
0.840000
0.815000
0.800000
0.810000
0.860000
0.870000
0.810000
0.805000
0.800000
0.815000
0.815000
0.790000
0.795000
0.805000
0.855000
0.855000
0.835000
0.855000
0.835000
0.840000
0.795000
0.785000
0.810000
0.825000
0.845000
0.815000
0.800000
0.815000
0.835000
0.800000
0.795000
0.800000
0.830000
0.855000
0.880000
0.800000
0.820000
0.835000
0.825000
0.800000
0.810000
0.830000
0.880000
0.815000
0.835000
0.835000
0.855000
0.805000
0.805000
0.820000
0.850000
0.865000
0.865000
0.850000
0.860000
0.850000
0.805000
0.820000
0.885000
0.900000
0.840000
0.845000
0.845000
0.845000
0.830000
0.805000
0.845000
0.880000
0.835000
0.830000
0.870000
0.865000
0.840000
0.835000
0.840000
0.850000
0.815000
0.795000
0.785000
0.810000
0.845000
0.850000
0.820000
0.835000
0.845000
0.845000
0.805000
0.825000
0.840000
0.850000
0.815000
0.800000
0.835000
0.850000
0.820000
0.800000
0.805000
0.840000
0.825000
0.805000
0.815000
0.835000
0.850000
0.830000
0.830000
0.850000
0.880000
0.865000
0.805000
0.820000
0.835000
0.835000
0.800000
0.780000
0.795000
0.830000
0.885000
0.885000
0.910000
0.900000
0.885000
0.840000
0.850000
0.870000
0.880000
0.810000
0.790000
0.775000
0.785000
0.810000
0.810000
0.800000
0.815000
0.875000
0.885000
0.885000
0.850000
0.855000
0.850000
0.855000
0.825000
0.830000
0.845000
0.865000
0.860000
0.840000
0.845000
0.850000
0.865000
0.850000
0.860000
0.860000
0.845000
0.825000
0.840000
0.870000
0.880000
0.855000
0.830000
0.860000
0.850000
0.835000
0.830000
0.845000
0.865000
0.850000
0.835000
0.850000
0.870000
0.875000
0.845000
0.875000
0.880000
0.885000
0.855000
0.850000
0.870000
0.870000
0.855000
0.860000
0.880000
0.890000
0.855000
0.865000
0.895000
0.880000
0.840000
0.870000
0.865000
0.885000
0.845000
0.855000
0.865000
0.875000
0.855000
0.865000
0.875000
0.875000
0.840000
0.860000
0.865000
0.895000
0.880000
0.875000
0.885000
0.880000
0.850000
0.870000
0.875000
0.870000
0.860000
0.825000
0.825000
0.840000
0.860000
0.835000
0.845000
0.865000
0.875000
0.850000
0.840000
0.850000
0.845000
0.830000
0.830000
0.845000
0.870000
0.880000
0.855000
0.860000
0.870000
0.885000
0.865000
0.845000
0.865000
0.860000
0.850000
0.830000
0.820000
0.820000
0.830000
0.830000
0.825000
0.830000
0.830000
0.850000
0.810000
0.795000
0.790000
0.800000
0.800000
0.795000
0.825000
0.835000
0.855000
0.835000
0.850000
0.850000
0.845000
0.810000
0.815000
0.810000
0.800000
0.800000
0.790000
0.805000
0.815000
0.790000
0.775000
0.775000
0.820000
0.815000
0.805000
0.775000
0.765000
0.790000
0.835000
0.845000
0.830000
0.885000
0.865000
0.855000
0.815000
0.805000
0.820000
0.855000
0.840000
0.825000
0.865000
0.895000
0.900000
0.880000
0.855000
0.860000
0.855000
0.845000
0.820000
0.850000
0.845000
0.865000
0.870000
0.840000
0.870000
0.860000
0.830000
0.820000
0.825000
0.845000
0.845000
0.820000
0.855000
0.885000
0.910000
0.915000
0.885000
0.905000
0.910000
0.910000
0.880000
0.865000
0.860000
0.870000
0.845000
0.865000
0.855000
0.860000
0.840000
0.840000
0.845000
0.860000
0.865000
0.835000
0.825000
0.850000
0.855000
0.860000
0.840000
0.870000
0.875000
0.880000
0.845000
0.865000
0.875000
0.875000
0.865000
0.845000
0.870000
0.885000
0.905000
0.855000
0.885000
0.900000
0.925000
0.885000
0.870000
0.885000
0.880000
0.875000
0.845000
0.880000
0.880000
0.865000
0.825000
0.835000
0.845000
0.835000
0.850000
0.865000
0.875000
0.855000
0.840000
0.845000
0.840000
0.845000
0.825000
0.830000
0.830000
0.835000
0.810000
0.790000
0.805000
0.810000
0.830000
0.845000
0.820000
0.830000
0.830000
0.845000
0.805000
0.800000
0.800000
0.805000
0.830000
0.825000
0.860000
0.870000
0.865000
0.860000
0.890000
0.920000
0.905000
0.875000
0.905000
0.905000
0.905000
0.860000
0.895000
0.910000
0.910000
0.880000
0.895000
0.865000
0.865000
0.845000
0.815000
0.820000
0.825000
0.825000
0.825000
0.810000
0.810000
0.845000
0.880000
0.840000
0.805000
0.810000
0.805000
0.810000
0.785000
0.795000
0.825000
0.845000
0.830000
0.810000
0.805000
0.810000
0.850000
0.825000
0.835000
0.860000
0.905000
0.880000
0.795000
0.810000
0.815000
0.880000
0.860000
0.815000
0.815000
0.835000
0.850000
0.850000
0.825000
0.865000
0.885000
0.885000
0.865000
0.875000
0.875000
0.870000
0.845000
0.820000
0.820000
0.820000
0.835000
0.815000
0.800000
0.820000
0.845000
0.855000
0.820000
0.840000
0.845000
0.840000
0.815000
0.860000
0.860000
0.870000
0.835000
0.820000
0.840000
0.855000
0.855000
0.815000
0.810000
0.825000
0.840000
0.820000
0.820000
0.860000
0.865000
0.845000
0.815000
0.865000
0.880000
0.875000
0.840000
0.850000
0.880000
0.880000
0.890000
0.855000
0.830000
0.830000
0.845000
0.870000
0.820000
0.840000
0.855000
0.870000
0.865000
0.820000
0.835000
0.835000
0.830000
0.815000
0.805000
0.800000
0.815000
0.810000
0.810000
0.845000
0.865000
0.895000
0.875000
0.855000
0.850000
0.830000
0.795000
0.820000
0.855000
0.895000
0.910000
0.865000
0.920000
0.935000
0.955000
0.910000
0.875000
0.905000
0.915000
0.920000
0.835000
0.830000
0.820000
0.850000
0.850000
0.830000
0.850000
0.820000
0.815000
0.790000
0.775000
0.790000
0.810000
0.855000
0.795000
0.805000
0.785000
0.740000
0.740000
0.725000
0.720000
0.705000
0.705000
0.715000
0.710000
0.715000
0.735000
0.785000
0.880000
0.870000
0.835000
0.880000
0.915000
0.890000
0.865000
0.885000
0.905000
0.945000
0.970000
0.900000
0.920000
0.925000
0.940000
0.915000
0.910000
0.930000
0.925000
0.920000
0.910000
0.885000
0.900000
0.905000
0.870000
0.885000
0.865000
0.850000
0.825000
0.800000
0.790000
0.815000
0.845000
0.845000
0.840000
0.850000
0.835000
0.840000
0.825000
0.805000
0.795000
0.800000
0.780000
0.820000
0.845000
0.855000
0.865000
0.905000
0.910000
0.900000
0.900000
0.885000
0.870000
0.855000
0.880000
0.835000
0.815000
0.840000
0.855000
0.840000
0.845000
0.835000
0.830000
0.800000
0.825000
0.835000
0.880000
0.895000
0.900000
0.905000
0.910000
0.900000
0.875000
0.880000
0.875000
0.875000
0.855000
0.870000
0.880000
0.915000
0.915000
0.900000
0.905000
0.915000
0.895000
0.885000
0.875000
0.895000
0.910000
0.895000
0.900000
0.895000
0.915000
0.910000
0.880000
0.875000
0.850000
0.840000
0.825000
0.865000
0.865000
0.865000
0.855000
0.845000
0.840000
0.820000
0.825000
0.830000
0.835000
0.845000
0.830000
0.820000
0.845000
0.865000
0.830000
0.830000
0.855000
0.870000
0.830000
0.855000
0.875000
0.895000
0.885000
0.900000
0.925000
0.940000
0.945000
0.965000
0.970000
0.960000
0.945000
0.905000
0.915000
0.925000
0.905000
0.895000
0.900000
0.905000
0.920000
0.910000
0.905000
0.900000
0.900000
0.845000
0.820000
0.775000
0.795000
0.730000
0.745000
0.750000
0.730000
0.725000
0.750000
0.800000
0.840000
0.855000
0.915000
0.910000
0.900000
0.910000
0.915000
0.910000
0.900000
0.900000
0.890000
0.885000
0.880000
0.860000
0.880000
0.880000
0.880000
0.875000
0.860000
0.860000
0.845000
0.860000
0.840000
0.850000
0.845000
0.870000
0.855000
0.865000
0.875000
0.910000
0.890000
0.890000
0.925000
0.940000
0.930000
0.885000
0.870000
0.865000
0.845000
0.840000
0.835000
0.835000
0.850000
0.870000
0.850000
0.850000
0.845000
0.855000
0.830000
0.825000
0.785000
0.775000
0.750000
0.740000
0.750000
0.760000
0.770000
0.750000
0.750000
0.740000
0.760000
0.760000
0.825000
0.850000
0.895000
0.895000
0.945000
0.965000
0.965000
0.455000
1.475000
0.935000
0.910000
0.920000
0.900000
0.915000
0.930000
0.950000
0.945000
0.935000
0.900000
0.890000
0.890000
0.910000
0.910000
0.920000
0.920000
0.895000
0.880000
0.870000
0.865000
0.840000
0.825000
0.820000
0.835000
0.840000
0.830000
0.855000
0.890000
0.905000
0.915000
0.930000
0.935000
0.920000
0.935000
0.940000
0.940000
0.895000
0.905000
0.910000
0.945000
0.925000
0.845000
0.850000
0.875000
0.880000
0.835000
0.870000
0.895000
0.895000
0.870000
0.835000
0.860000
0.870000
0.895000
0.855000
0.885000
0.915000
0.920000
0.885000
0.865000
0.875000
0.885000
0.855000
0.825000
0.845000
0.840000
0.880000
0.885000
0.840000
0.865000
0.910000
0.925000
0.840000
0.845000
0.865000
0.900000
0.890000
0.955000
1.025000
0.935000
0.935000
0.950000
0.935000
0.950000
0.950000
0.960000
0.960000
0.920000
0.935000
0.955000
0.925000
0.900000
0.890000
0.860000
0.840000
0.855000
0.875000
0.885000
0.860000
0.875000
0.900000
0.890000
0.860000
0.890000
0.910000
0.915000
0.875000
0.875000
0.895000
0.900000
0.885000
0.895000
0.910000
0.920000
0.905000
0.920000
0.935000
0.915000
0.870000
0.860000
0.840000
0.850000
0.835000
0.820000
0.835000
0.845000
0.850000
0.855000
0.865000
0.860000
0.855000
0.850000
0.850000
0.855000
0.845000
0.820000
0.830000
0.890000
0.870000
0.860000
0.875000
0.885000
0.890000
0.890000
0.945000
0.965000
0.940000
0.965000
0.980000
0.995000
0.940000
0.935000
0.935000
0.925000
0.970000
0.950000
0.930000
0.900000
0.930000
0.935000
0.930000
0.930000
0.925000
0.945000
0.930000
0.905000
0.905000
0.920000
0.930000
0.915000
0.930000
0.960000
0.955000
0.955000
0.975000
0.955000
0.920000
0.875000
0.870000
0.875000
0.840000
0.860000
0.855000
0.895000
0.865000
0.870000
0.890000
0.890000
0.850000
0.890000
0.930000
0.910000
0.860000
0.880000
0.890000
0.880000
0.865000
0.885000
0.900000
0.920000
0.890000
0.915000
0.915000
0.905000
0.865000
0.910000
0.915000
0.910000
0.875000
0.890000
0.915000
0.920000
0.910000
0.895000
0.925000
0.930000
0.935000
0.925000
0.940000
0.970000
0.970000
0.925000
0.925000
0.925000
0.905000
0.880000
0.845000
0.840000
0.875000
0.890000
0.860000
0.875000
0.880000
0.890000
0.890000
0.910000
0.900000
0.865000
0.880000
0.890000
0.885000
0.865000
0.890000
0.940000
0.910000
0.885000
0.910000
0.890000
0.880000
0.860000
0.880000
0.895000
0.880000
0.895000
0.905000
0.895000
0.880000
0.855000
0.870000
0.870000
0.870000
0.860000
0.885000
0.935000
0.910000
0.895000
0.905000
0.895000
0.895000
0.875000
0.910000
0.920000
0.920000
0.890000
0.910000
0.975000
0.945000
0.940000
0.925000
0.885000
0.870000
0.885000
0.900000
0.880000
0.905000
0.915000
0.895000
0.910000
0.905000
0.920000
0.910000
0.920000
0.920000
0.895000
0.940000
0.955000
0.970000
0.945000
0.985000
0.980000
0.935000
0.885000
0.880000
0.870000
0.850000
0.845000
0.855000
0.890000
0.885000
0.895000
0.900000
0.910000
0.880000
0.880000
0.880000
0.890000
0.890000
0.885000
0.910000
0.915000
0.905000
0.875000
0.880000
0.875000
0.855000
0.850000
0.860000
0.875000
0.865000
0.860000
0.905000
0.935000
0.935000
0.900000
0.905000
0.920000
0.915000
0.900000
0.880000
0.870000
0.880000
0.890000
0.870000
0.900000
0.910000
0.915000
0.895000
0.890000
0.910000
0.905000
0.890000
0.865000
0.865000
0.865000
0.845000
0.870000
0.875000
0.870000
0.890000
0.910000
0.935000
0.915000
0.895000
0.880000
0.865000
0.845000
0.845000
0.845000
0.860000
0.895000
0.875000
0.905000
0.910000
0.915000
0.875000
0.895000
0.915000
0.895000
0.875000
0.890000
0.890000
0.900000
0.885000
0.870000
0.905000
0.920000
0.895000
0.930000
0.960000
0.965000
0.950000
0.935000
0.940000
0.940000
0.915000
0.915000
0.920000
0.920000
0.920000
0.890000
0.480000
1.360000
0.870000
0.820000
0.805000
0.785000
0.810000
0.860000
0.870000
0.895000
0.925000
0.960000
0.945000
0.960000
0.995000
0.995000
0.960000
0.945000
0.930000
0.925000
0.895000
0.915000
0.895000
0.855000
0.860000
0.870000
0.880000
0.860000
0.870000
0.885000
0.895000
0.845000
0.860000
0.895000
0.860000
0.860000
0.870000
0.865000
0.880000
0.885000
0.885000
0.880000
0.880000
0.860000
0.895000
0.875000
0.880000
0.865000
0.870000
0.880000
0.875000
0.880000
0.890000
0.895000
0.930000
0.915000
0.920000
0.910000
0.925000
0.885000
0.920000
0.900000
0.900000
0.860000
0.880000
0.890000
0.910000
0.905000
0.910000
0.940000
0.960000
0.955000
0.920000
0.930000
0.915000
0.890000
0.895000
0.885000
0.910000
0.880000
0.885000
0.900000
0.885000
0.860000
0.875000
0.880000
0.895000
0.905000
0.875000
0.890000
0.900000
0.865000
0.870000
0.880000
0.880000
0.870000
0.915000
0.895000
0.895000
0.870000
0.875000
0.880000
0.895000
0.920000
0.900000
0.920000
0.945000
0.930000
0.935000
0.935000
0.930000
0.940000
0.920000
0.945000
0.935000
0.890000
0.895000
0.905000
0.925000
0.905000
0.925000
0.940000
0.940000
0.910000
0.925000
0.930000
0.930000
0.900000
0.920000
0.910000
0.905000
0.895000
0.885000
0.890000
0.865000
0.875000
0.885000
0.910000
0.885000
0.910000
0.910000
0.910000
0.865000
0.905000
0.905000
0.910000
0.905000
0.915000
0.915000
0.905000
0.860000
0.865000
0.865000
0.865000
0.835000
0.830000
0.825000
0.855000
0.850000
0.835000
0.860000
0.845000
0.835000
0.825000
0.820000
0.840000
0.875000
0.850000
0.875000
0.870000
0.885000
0.860000
0.880000
0.885000
0.870000
0.840000
0.850000
0.875000
0.915000
0.865000
0.830000
0.850000
0.855000
0.855000
0.850000
0.835000
0.860000
0.875000
0.885000
0.905000
0.965000
0.985000
0.955000
0.905000
0.940000
0.915000
0.905000
0.890000
0.880000
0.895000
0.930000
0.875000
0.870000
0.880000
0.915000
0.910000
0.895000
0.865000
0.865000
0.880000
0.845000
0.885000
0.915000
0.930000
0.895000
0.895000
0.885000
0.905000
0.875000
0.880000
0.890000
0.920000
0.900000
0.855000
0.895000
0.885000
0.850000
0.830000
0.835000
0.850000
0.825000
0.830000
0.845000
0.880000
0.840000
0.845000
0.865000
0.915000
0.835000
0.885000
0.860000
0.855000
0.860000
0.835000
0.885000
0.940000
0.950000
0.900000
0.895000
0.915000
0.910000
0.860000
0.895000
0.890000
0.920000
0.915000
0.885000
0.890000
0.905000
0.915000
0.855000
0.880000
0.855000
0.830000
0.840000
0.875000
0.915000
0.900000
0.840000
0.855000
0.870000
0.890000
0.875000
0.840000
0.835000
0.860000
0.860000
0.885000
0.880000
0.870000
0.875000
0.855000
0.870000
0.890000
0.840000
0.810000
0.820000
0.885000
0.855000
0.835000
0.820000
0.815000
0.825000
0.830000
0.820000
0.870000
0.875000
0.835000
0.845000
0.835000
0.845000
0.835000
0.845000
0.845000
0.865000
0.835000
0.880000
0.895000
0.880000
0.455000
1.235000
0.815000
0.820000
0.820000
0.810000
0.860000
0.885000
0.925000
0.900000
0.930000
0.955000
0.925000
0.910000
0.935000
0.935000
0.910000
0.870000
0.895000
0.900000
0.880000
0.850000
0.855000
0.870000
0.905000
0.855000
0.840000
0.845000
0.835000
0.815000
0.830000
0.835000
0.795000
0.830000
0.865000
0.860000
0.860000
0.880000
0.865000
0.845000
0.870000
0.870000
0.920000
0.920000
0.935000
0.935000
0.955000
0.940000
0.940000
0.900000
0.890000
0.900000
0.920000
0.890000
0.895000
0.890000
0.910000
0.880000
0.840000
0.850000
0.845000
0.840000
0.815000
0.825000
0.835000
0.860000
0.835000
0.850000
0.860000
0.865000
0.850000
0.840000
0.840000
0.880000
0.885000
0.835000
0.845000
0.860000
0.865000
0.870000
0.885000
0.925000
0.875000
0.890000
0.905000
0.915000
0.895000
0.945000
0.875000
0.885000
0.825000
0.825000
0.840000
0.860000
0.860000
0.855000
0.880000
0.895000
0.880000
0.885000
0.890000
0.885000
0.845000
0.835000
0.860000
0.855000
0.840000
0.815000
0.815000
0.830000
0.820000
0.815000
0.860000
0.865000
0.835000
0.805000
0.815000
0.810000
0.830000
0.810000
0.830000
0.840000
0.850000
0.825000
0.840000
0.840000
0.845000
0.830000
0.830000
0.845000
0.895000
0.885000
0.860000
0.870000
0.905000
0.845000
0.875000
0.890000
0.890000
0.865000
0.885000
0.890000
0.905000
0.865000
0.455000
1.275000
0.820000
0.790000
0.775000
0.810000
0.835000
0.860000
0.825000
0.865000
0.890000
0.895000
0.870000
0.895000
0.895000
0.875000
0.855000
0.860000
0.880000
0.905000
0.865000
0.875000
0.920000
0.910000
0.920000
0.465000
1.290000
0.820000
0.810000
0.825000
0.870000
0.915000
0.930000
0.945000
0.980000
0.995000
0.960000
0.990000
1.005000
0.940000
0.925000
0.920000
0.910000
0.880000
0.905000
0.915000
0.910000
0.870000
0.865000
0.870000
0.835000
0.835000
0.835000
0.835000
0.810000
0.845000
0.905000
0.875000
0.830000
0.845000
0.855000
0.860000
0.855000
0.840000
0.835000
0.840000
0.840000
0.875000
0.860000
0.870000
0.835000
0.870000
0.870000
0.895000
0.885000
0.915000
0.975000
0.905000
0.900000
0.900000
0.895000
0.890000
0.885000
0.905000
0.885000
0.915000
0.925000
0.930000
0.905000
0.920000
0.920000
0.910000
0.880000
0.885000
0.885000
0.880000
0.855000
0.865000
0.860000
0.860000
0.830000
0.840000
0.840000
0.820000
0.815000
0.840000
0.875000
0.885000
0.870000
0.895000
0.890000
0.890000
0.865000
0.850000
0.870000
0.895000
0.865000
0.865000
0.870000
0.860000
0.840000
0.860000
0.845000
0.850000
0.835000
0.835000
0.835000
0.825000
0.815000
0.805000
0.810000
0.820000
0.850000
0.805000
0.820000
0.835000
0.840000
0.810000
0.825000
0.860000
0.860000
0.830000
0.820000
0.830000
0.870000
0.870000
0.855000
0.875000
0.875000
0.865000
0.850000
0.875000
0.865000
0.860000
0.840000
0.860000
0.860000
0.840000
0.870000
0.865000
0.880000
0.860000
0.850000
0.835000
0.825000
0.805000
0.815000
0.810000
0.810000
0.805000
0.805000
0.805000
0.825000
0.815000
0.825000
0.820000
0.815000
0.805000
0.805000
0.810000
0.790000
0.850000
0.815000
0.825000
0.825000
0.820000
0.830000
0.830000
0.840000
0.800000
0.830000
0.835000
0.840000
0.815000
0.815000
0.820000
0.815000
0.800000
0.815000
0.820000
0.825000
0.805000
0.815000
0.810000
0.820000
0.800000
0.810000
0.840000
0.835000
0.835000
0.855000
0.860000
0.900000
0.860000
0.880000
0.870000
0.875000
0.855000
0.860000
0.915000
0.910000
0.915000
0.850000
0.870000
0.890000
0.900000
0.870000
0.885000
0.890000
0.880000
0.860000
0.865000
0.860000
0.845000
0.820000
0.850000
0.845000
0.870000
0.840000
0.845000
0.855000
0.850000
0.850000
0.850000
0.850000
0.840000
0.835000
0.820000
0.810000
0.810000
0.815000
0.790000
0.825000
0.815000
0.835000
0.820000
0.810000
0.840000
0.865000
0.850000
0.870000
0.900000
0.885000
0.820000
0.850000
0.865000
0.885000
0.850000
0.860000
0.880000
0.875000
0.850000
0.820000
0.845000
0.840000
0.810000
0.820000
0.830000
0.840000
0.820000
0.835000
0.845000
0.820000
0.825000
0.820000
0.820000
0.795000
0.805000
0.815000
0.830000
0.795000
0.820000
0.805000
0.795000
0.770000
0.790000
0.785000
0.820000
0.795000
0.820000
0.820000
0.845000
0.845000
0.830000
0.865000
0.885000
0.870000
0.850000
0.860000
0.880000
0.855000
0.835000
0.885000
0.915000
0.895000
0.865000
0.920000
0.895000
0.880000
0.865000
0.855000
0.855000
0.885000
0.860000
0.850000
0.860000
0.870000
0.840000
0.825000
0.820000
0.830000
0.820000
0.810000
0.830000
0.845000
0.825000
0.815000
0.800000
0.815000
0.805000
0.820000
0.815000
0.815000
0.830000
0.845000
0.845000
0.865000
0.870000
0.875000
0.855000
0.840000
0.850000
0.870000
0.890000
0.870000
0.900000
0.885000
0.870000
0.890000
0.890000
0.895000
0.880000
0.855000
0.860000
0.860000
0.855000
0.830000
0.850000
0.840000
0.835000
0.820000
0.835000
0.830000
0.845000
0.815000
0.820000
0.820000
0.825000
0.795000
0.770000
0.785000
0.800000
0.810000
0.790000
0.800000
0.800000
0.810000
0.810000
0.820000
0.835000
0.855000
0.855000
0.825000
0.830000
0.845000
0.850000
0.855000
0.780000
0.805000
0.780000
0.830000
0.845000
0.875000
0.865000
0.880000
0.900000
0.880000
0.900000
0.890000
0.905000
0.905000
0.895000
0.905000
0.915000
0.885000
0.905000
0.895000
0.905000
0.860000
0.890000
0.895000
0.930000
0.890000
0.865000
0.870000
0.860000
0.820000
0.840000
0.820000
0.825000
0.815000
0.800000
0.805000
0.815000
0.835000
0.820000
0.830000
0.840000
0.835000
0.830000
0.855000
0.840000
0.835000
0.815000
0.820000
0.820000
0.805000
0.810000
0.815000
0.840000
0.820000
0.830000
0.855000
0.850000
0.830000
0.815000
0.820000
0.825000
0.815000
0.830000
0.825000
0.830000
0.795000
0.810000
0.820000
0.790000
0.805000
0.800000
0.835000
0.810000
0.830000
0.840000
0.865000
0.860000
0.880000
0.880000
0.875000
0.865000
0.860000
0.860000
0.860000
0.840000
0.845000
0.855000
0.875000
0.845000
0.875000
0.850000
0.855000
0.830000
0.835000
0.845000
0.830000
0.815000
0.815000
0.825000
0.845000
0.845000
0.865000
0.845000
0.850000
0.870000
0.880000
0.870000
0.890000
0.900000
0.890000
0.875000
0.875000
0.895000
0.840000
0.830000
0.825000
0.820000
0.795000
0.815000
0.810000
0.830000
0.825000
0.835000
0.860000
0.865000
0.860000
0.875000
0.850000
0.845000
0.455000
1.200000
0.810000
0.805000
0.815000
0.805000
0.865000
0.865000
0.890000
0.855000
0.880000
0.910000
0.930000
0.880000
0.865000
0.850000
0.845000
0.855000
0.865000
0.865000
0.850000
0.835000
0.835000
0.850000
0.855000
0.830000
0.835000
0.450000
1.260000
0.785000
0.785000
0.770000
0.795000
0.770000
0.815000
0.835000
0.850000
0.850000
0.910000
0.940000
0.930000
0.940000
0.945000
0.950000
0.890000
0.900000
0.885000
0.865000
0.875000
0.870000
0.890000
0.865000
0.890000
0.895000
0.910000
0.865000
0.855000
0.850000
0.845000
0.830000
0.835000
0.820000
0.830000
0.805000
0.830000
0.830000
0.840000
0.850000
0.860000
0.860000
0.870000
0.840000
0.860000
0.875000
0.875000
0.850000
0.855000
0.855000
0.855000
0.840000
0.855000
0.860000
0.865000
0.865000
0.875000
0.845000
0.865000
0.850000
0.860000
0.895000
0.895000
0.865000
0.890000
0.895000
0.885000
0.865000
0.870000
0.865000
0.860000
0.875000
0.890000
0.900000
0.875000
0.880000
0.895000
0.895000
0.865000
0.865000
0.845000
0.850000
0.860000
0.890000
0.825000
0.820000
0.805000
0.795000
0.805000
0.820000
0.830000
0.845000
0.825000
0.845000
0.870000
0.880000
0.850000
0.850000
0.855000
0.835000
0.850000
0.850000
0.870000
0.835000
0.850000
0.850000
0.860000
0.825000
0.845000
0.860000
0.845000
0.820000
0.830000
0.815000
0.820000
0.815000
0.830000
0.845000
0.855000
0.880000
0.865000
0.870000
0.855000
0.865000
0.875000
0.905000
0.870000
0.900000
0.910000
0.910000
0.875000
0.885000
0.910000
0.900000
0.895000
0.900000
0.910000
0.880000
0.885000
0.895000
0.900000
0.860000
0.840000
0.845000
0.830000
0.830000
0.840000
0.845000
0.865000
0.875000
0.885000
0.850000
0.875000
0.875000
0.890000
0.860000
0.885000
0.895000
0.900000
0.875000
0.890000
0.890000
0.905000
0.860000
0.880000
0.875000
0.875000
0.860000
0.890000
0.895000
0.890000
0.850000
0.875000
0.870000
0.870000
0.850000
0.865000
0.875000
0.875000
0.840000
0.835000
