1.030000
1.020000
0.980000
0.945000
0.975000
0.980000
0.970000
0.935000
1.005000
0.995000
0.945000
0.940000
0.960000
0.970000
0.980000
0.960000
0.970000
1.000000
0.990000
0.935000
0.940000
0.970000
0.955000
0.915000
0.890000
0.935000
0.955000
0.955000
0.935000
0.965000
0.965000
0.955000
0.915000
0.980000
1.025000
1.045000
1.020000
0.940000
0.965000
0.965000
0.950000
0.895000
0.930000
0.945000
0.970000
0.945000
0.970000
0.985000
1.020000
0.995000
1.055000
1.060000
1.025000
0.985000
1.000000
1.010000
0.965000
0.910000
0.970000
1.005000
1.020000
0.980000
1.015000
1.045000
1.005000
0.950000
0.995000
1.000000
0.985000
0.945000
0.945000
0.975000
0.940000
0.915000
0.945000
0.950000
0.950000
0.955000
0.920000
0.960000
1.015000
0.975000
0.930000
0.930000
0.925000
0.945000
0.935000
0.915000
0.955000
0.985000
0.940000
0.935000
0.970000
0.960000
0.945000
0.920000
0.945000
0.965000
0.995000
0.960000
0.945000
0.945000
0.930000
0.885000
0.900000
0.935000
0.975000
0.930000
0.960000
0.995000
1.020000
1.030000
0.990000
1.020000
1.030000
1.035000
0.980000
0.975000
0.990000
0.990000
0.985000
0.955000
0.995000
1.020000
1.020000
0.980000
1.010000
0.985000
0.995000
0.945000
0.940000
0.985000
1.040000
1.035000
0.970000
0.975000
0.980000
0.990000
0.940000
0.945000
0.980000
1.005000
0.940000
0.925000
0.940000
0.940000
0.915000
0.915000
0.940000
0.945000
0.925000
0.970000
0.990000
0.970000
0.970000
0.935000
0.990000
1.040000
1.025000
0.955000
0.990000
1.020000
0.990000
0.955000
0.990000
1.000000
0.995000
0.965000
0.990000
0.990000
0.970000
0.965000
0.995000
1.000000
0.985000
0.930000
0.955000
0.975000
1.000000
0.960000
0.970000
0.960000
0.980000
0.980000
0.925000
0.935000
0.940000
0.945000
0.910000
0.945000
0.960000
0.990000
0.940000
0.960000
0.970000
0.945000
0.945000
0.890000
0.905000
0.920000
1.000000
0.945000
0.975000
1.015000
1.025000
0.955000
0.980000
0.985000
0.995000
0.975000
0.935000
0.955000
0.970000
0.975000
0.935000
0.975000
0.985000
0.965000
0.960000
1.005000
1.020000
0.975000
0.965000
0.975000
1.015000
0.945000
0.935000
0.965000
1.000000
0.965000
0.935000
0.980000
1.015000
1.005000
0.945000
0.985000
1.005000
0.995000
0.955000
0.975000
1.010000
1.025000
0.985000
1.010000
1.020000
0.965000
0.915000
0.935000
0.990000
1.020000
0.940000
1.000000
0.985000
0.925000
0.865000
0.845000
0.825000
0.850000
0.845000
0.860000
0.860000
0.885000
0.880000
0.910000
0.935000
0.955000
0.990000
0.945000
1.040000
1.050000
1.055000
0.940000
0.930000
0.905000
0.910000
0.935000
0.945000
0.990000
1.055000
1.010000
1.035000
1.100000
0.980000
0.995000
1.060000
1.100000
1.035000
1.085000
1.105000
1.035000
1.050000
1.080000
1.065000
0.980000
0.915000
0.895000
0.890000
0.885000
0.870000
0.870000
0.860000
0.865000
0.845000
0.855000
0.860000
0.835000
0.825000
0.805000
0.785000
0.780000
0.775000
0.785000
0.740000
0.735000
0.730230
0.714770
0.719800
0.705200
0.684940
0.675290
0.679690
0.670080
0.669770
0.650390
0.674800
0.635250
0.645020
0.634770
0.645020
0.620120
0.639650
0.650390
0.645020
0.694800
0.665000
0.665100
0.694820
0.714840
0.675290
0.680180
0.694820
0.699940
0.645000
0.665000
0.660000
0.655000
0.650000
0.650000
0.645000
0.640000
0.640000
0.650000
0.655000
0.685000
0.705000
0.710000
0.710000
0.720000
0.720000
0.710000
0.705000
0.715000
0.740000
0.800000
0.845000
0.870000
0.835000
0.850000
0.850000
0.835000
0.830000
0.805000
0.815000
0.830000
0.815000
0.815000
0.800000
0.790000
0.775000
0.775000
0.805000
0.840000
0.905000
0.955000
0.900000
0.925000
0.955000
0.990000
1.005000
0.960000
0.905000
0.930000
0.995000
0.995000
0.940000
0.995000
1.100000
1.010000
0.920000
0.940000
1.005000
1.035000
1.020000
1.025000
1.080000
1.130000
1.065000
1.000000
1.015000
1.080000
1.120000
1.005000
0.980000
0.995000
1.030000
0.990000
0.980000
1.000000
1.000000
0.955000
0.955000
0.990000
1.010000
0.960000
0.975000
0.990000
1.035000
0.945000
0.955000
0.985000
1.040000
1.040000
1.000000
1.040000
1.080000
0.990000
0.965000
0.985000
1.020000
0.955000
0.965000
0.990000
1.010000
0.975000
1.010000
1.015000
0.960000
0.955000
0.975000
1.015000
1.030000
0.995000
1.065000
1.070000
0.990000
0.985000
1.005000
0.990000
0.995000
1.010000
1.060000
0.980000
0.970000
0.980000
0.990000
0.940000
1.005000
1.055000
1.055000
1.015000
1.025000
1.035000
0.975000
0.920000
0.930000
0.940000
0.990000
0.995000
0.970000
1.000000
1.060000
1.085000
0.990000
1.040000
1.065000
1.010000
0.950000
0.985000
1.000000
0.985000
1.035000
1.045000
1.050000
0.975000
0.990000
1.015000
0.990000
0.955000
0.975000
0.950000
0.915000
0.970000
1.010000
1.015000
0.955000
1.000000
1.040000
0.980000
0.945000
0.960000
0.960000
0.965000
0.955000
0.995000
1.020000
1.025000
0.945000
0.985000
1.015000
1.020000
0.960000
1.005000
1.030000
0.965000
0.955000
0.975000
0.975000
0.985000
1.020000
1.045000
0.980000
1.010000
1.020000
1.005000
0.915000
0.935000
0.960000
0.975000
0.960000
0.975000
1.005000
0.960000
0.960000
0.995000
1.020000
0.965000
0.960000
1.000000
1.030000
0.470000
1.510000
0.995000
0.945000
0.920000
0.900000
0.950000
1.015000
1.020000
1.075000
1.105000
1.055000
0.995000
1.025000
1.010000
1.025000
0.980000
0.975000
1.000000
0.990000
0.985000
1.060000
1.075000
1.020000
0.940000
0.975000
1.000000
0.970000
0.945000
0.995000
1.055000
1.045000
1.095000
1.080000
1.005000
0.985000
0.980000
0.985000
0.995000
0.995000
0.970000
0.990000
0.975000
0.955000
1.010000
1.015000
1.005000
0.975000
0.985000
0.945000
0.975000
1.000000
0.990000
0.950000
0.970000
0.965000
1.000000
0.925000
0.960000
0.975000
0.955000
0.960000
0.985000
1.015000
0.990000
1.060000
1.080000
1.090000
1.040000
0.960000
1.020000
1.065000
1.010000
0.955000
0.990000
1.000000
0.965000
1.030000
1.045000
1.005000
0.975000
0.950000
0.965000
0.945000
1.040000
1.175000
1.155000
1.025000
1.030000
1.040000
1.080000
0.965000
0.970000
0.970000
0.990000
0.910000
0.890000
0.885000
0.855000
0.825000
0.825000
0.805000
0.785000
0.770000
0.765000
0.765000
0.770000
0.780000
0.805000
0.815000
0.845000
0.915000
1.005000
1.045000
1.040000
0.975000
1.035000
1.120000
1.140000
1.115000
1.070000
1.095000
1.090000
1.110000
1.020000
1.040000
1.035000
1.035000
1.015000
1.060000
1.070000
1.040000
0.930000
0.910000
0.920000
0.940000
0.980000
1.095000
1.120000
1.010000
1.035000
1.050000
1.010000
1.015000
0.950000
0.970000
0.960000
1.000000
1.015000
1.030000
1.025000
1.060000
0.990000
0.990000
1.110000
1.115000
1.020000
0.985000
0.990000
1.045000
1.025000
1.020000
0.965000
0.915000
0.910000
0.910000
0.895000
0.930000
1.020000
1.100000
1.125000
1.075000
1.030000
1.045000
1.150000
1.120000
1.060000
1.120000
1.160000
1.130000
1.085000
1.120000
1.095000
0.975000
0.980000
0.990000
1.035000
1.015000
1.020000
1.055000
1.085000
1.050000
1.045000
1.105000
1.100000
1.040000
0.960000
0.945000
0.985000
0.970000
0.935000
1.000000
1.030000
1.060000
0.975000
1.020000
1.115000
0.970000
0.945000
1.010000
1.020000
1.075000
1.050000
1.065000
1.125000
1.110000
1.025000
1.025000
1.060000
1.025000
0.935000
0.940000
0.985000
1.020000
0.975000
0.960000
1.015000
1.045000
1.005000
1.045000
1.010000
1.015000
0.990000
1.055000
1.095000
1.100000
1.015000
0.995000
1.005000
1.010000
0.955000
0.995000
1.030000
1.055000
1.025000
1.050000
1.060000
1.115000
1.025000
0.995000
1.030000
1.065000
0.985000
1.015000
1.050000
1.075000
1.040000
1.065000
1.095000
1.200000
1.085000
0.995000
1.005000
0.965000
0.965000
0.940000
0.985000
1.060000
1.155000
1.095000
1.165000
1.135000
1.075000
1.135000
1.160000
1.075000
0.995000
1.035000
1.060000
0.955000
0.940000
0.970000
1.035000
1.100000
1.125000
1.165000
1.205000
1.210000
1.125000
1.115000
1.125000
1.075000
1.045000
1.060000
1.055000
1.015000
1.010000
1.095000
1.030000
0.960000
0.960000
0.950000
0.960000
1.035000
1.060000
1.055000
0.990000
1.040000
1.010000
0.970000
1.005000
1.050000
1.105000
1.075000
1.000000
1.080000
1.110000
1.075000
1.030000
1.120000
1.145000
1.155000
1.070000
1.130000
1.135000
1.095000
1.035000
1.050000
1.090000
1.130000
0.985000
1.010000
1.030000
1.005000
0.975000
1.010000
1.055000
1.075000
1.075000
1.125000
1.070000
1.005000
1.010000
1.070000
1.095000
1.070000
1.015000
1.035000
1.035000
1.030000
1.015000
0.970000
0.990000
0.965000
0.975000
0.995000
0.950000
1.030000
1.045000
1.040000
1.005000
1.005000
1.030000
0.970000
0.985000
1.005000
0.985000
0.935000
1.010000
1.070000
0.985000
0.935000
1.005000
1.025000
1.045000
0.970000
1.070000
1.120000
1.100000
1.020000
1.085000
1.095000
1.035000
0.970000
0.985000
0.985000
0.960000
0.920000
0.940000
0.995000
1.055000
0.985000
1.030000
1.090000
1.105000
0.995000
1.020000
1.040000
1.010000
0.985000
0.965000
0.985000
1.000000
0.975000
0.975000
1.010000
1.040000
1.010000
0.940000
0.960000
1.025000
1.035000
1.070000
0.995000
1.020000
1.070000
1.050000
0.995000
1.030000
1.020000
1.020000
0.995000
0.960000
0.990000
0.980000
0.965000
0.955000
1.015000
1.100000
1.080000
0.990000
1.030000
0.995000
1.035000
0.980000
1.005000
1.085000
1.145000
1.070000
1.090000
1.175000
1.210000
1.145000
1.040000
1.070000
1.080000
1.110000
1.080000
1.055000
1.115000
1.175000
1.125000
1.000000
0.970000
0.975000
0.985000
1.000000
0.980000
1.025000
1.075000
1.055000
0.995000
1.020000
1.075000
1.090000
1.030000
0.970000
1.025000
1.045000
1.025000
0.975000
0.970000
1.045000
1.040000
1.025000
0.975000
1.010000
1.035000
1.035000
0.970000
1.015000
1.040000
1.025000
0.980000
1.045000
1.085000
1.085000
1.025000
1.025000
1.070000
1.070000
1.015000
1.015000
1.035000
1.000000
0.945000
0.980000
1.065000
1.135000
1.010000
1.075000
1.105000
1.120000
1.040000
1.050000
1.075000
1.125000
1.090000
1.020000
1.050000
1.115000
1.090000
1.005000
1.055000
1.075000
1.065000
1.005000
1.050000
1.045000
0.995000
0.960000
0.985000
1.035000
1.155000
1.135000
0.985000
0.970000
0.990000
0.975000
0.920000
0.915000
0.945000
0.975000
0.960000
1.010000
1.085000
0.990000
1.000000
1.050000
1.160000
1.020000
0.995000
1.025000
1.080000
1.065000
0.995000
0.995000
1.040000
1.075000
1.075000
1.005000
1.050000
1.085000
1.075000
0.975000
0.955000
1.025000
1.085000
1.025000
1.015000
1.055000
1.080000
1.085000
1.020000
1.105000
1.200000
1.140000
0.965000
0.970000
1.005000
1.055000
0.975000
1.075000
1.155000
1.115000
1.095000
1.165000
1.105000
1.005000
1.025000
1.030000
1.040000
0.980000
0.975000
1.015000
1.040000
1.040000
0.980000
1.055000
1.130000
1.190000
1.045000
1.075000
1.130000
1.030000
0.935000
0.870000
0.885000
0.930000
1.060000
1.045000
1.100000
1.110000
1.095000
1.010000
1.065000
1.090000
1.105000
1.040000
1.100000
1.190000
1.140000
1.005000
1.055000
1.095000
1.125000
1.015000
1.035000
1.130000
1.115000
1.060000
1.115000
1.135000
1.075000
1.045000
1.035000
1.045000
1.040000
1.015000
1.055000
1.060000
0.975000
1.030000
1.125000
1.200000
0.995000
1.030000
1.080000
1.115000
1.040000
1.045000
1.135000
1.180000
1.115000
1.110000
1.135000
1.100000
1.100000
1.050000
1.075000
1.110000
1.070000
1.070000
1.110000
1.095000
1.015000
1.040000
1.040000
1.005000
0.960000
0.990000
1.025000
1.040000
1.020000
1.070000
1.060000
1.015000
1.015000
1.005000
1.010000
0.990000
0.950000
1.020000
1.070000
1.055000
1.005000
1.070000
1.075000
1.005000
0.945000
0.955000
0.960000
0.950000
0.965000
0.995000
1.055000
0.980000
1.005000
1.065000
1.045000
1.000000
0.970000
0.995000
0.960000
0.925000
0.970000
1.025000
1.015000
1.035000
1.140000
1.185000
1.010000
1.000000
1.115000
1.170000
1.105000
1.090000
1.145000
1.140000
1.070000
1.070000
1.130000
1.150000
1.020000
1.010000
1.060000
1.095000
1.060000
1.040000
1.080000
1.095000
0.990000
0.970000
1.005000
1.020000
0.980000
0.950000
0.965000
0.980000
1.035000
1.050000
1.020000
1.035000
1.075000
1.030000
0.980000
1.000000
1.075000
1.035000
0.995000
1.070000
1.115000
1.140000
0.975000
0.940000
0.980000
1.085000
1.045000
1.085000
1.110000
1.090000
0.975000
1.020000
1.125000
1.060000
1.010000
1.040000
1.080000
0.975000
1.040000
1.015000
1.000000
0.960000
0.995000
1.045000
1.035000
0.990000
1.040000
1.090000
1.150000
0.975000
0.915000
0.940000
0.980000
0.970000
0.945000
1.010000
1.085000
1.035000
1.025000
1.215000
1.285000
1.140000
1.140000
1.205000
1.190000
1.070000
1.130000
1.140000
1.120000
1.015000
1.015000
1.025000
1.075000
1.080000
0.980000
0.965000
1.005000
1.095000
1.035000
0.985000
1.035000
1.050000
1.000000
0.980000
1.025000
1.060000
1.085000
0.955000
1.005000
1.110000
1.015000
0.930000
0.985000
0.990000
0.975000
0.965000
1.010000
1.115000
1.050000
0.990000
1.085000
1.155000
1.115000
1.030000
1.075000
1.100000
1.070000
1.005000
1.055000
1.075000
1.075000
0.995000
0.985000
1.025000
1.065000
1.020000
0.955000
1.015000
1.090000
1.035000
0.945000
0.960000
0.985000
0.905000
0.910000
0.970000
1.030000
0.960000
0.990000
1.035000
0.995000
0.955000
1.010000
1.035000
1.040000
1.010000
1.040000
1.090000
1.115000
1.000000
1.055000
1.085000
1.110000
1.005000
0.970000
0.995000
1.005000
1.000000
0.975000
1.055000
1.135000
1.120000
1.045000
1.155000
1.220000
1.145000
1.035000
1.080000
1.100000
1.110000
1.005000
1.035000
1.070000
1.055000
0.990000
1.025000
1.060000
1.110000
1.015000
0.965000
0.975000
1.020000
0.980000
0.925000
0.930000
0.985000
1.005000
1.010000
1.030000
1.080000
1.110000
0.960000
0.965000
1.015000
1.070000
1.000000
1.015000
1.085000
1.015000
0.995000
1.035000
1.070000
1.045000
0.960000
0.960000
1.035000
1.085000
0.965000
0.940000
1.065000
1.065000
1.005000
1.010000
1.050000
1.090000
0.970000
1.010000
1.005000
1.010000
0.935000
0.975000
1.035000
1.090000
1.045000
0.970000
1.010000
1.080000
1.040000
0.980000
1.045000
1.065000
1.030000
0.920000
0.915000
0.940000
0.985000
0.970000
1.065000
1.145000
1.115000
1.040000
1.130000
1.195000
1.140000
1.055000
1.135000
1.180000
1.110000
1.020000
1.075000
1.140000
1.090000
0.980000
0.990000
1.005000
1.030000
0.935000
0.980000
1.025000
1.080000
1.020000
0.975000
0.990000
1.035000
1.070000
1.000000
0.970000
1.030000
1.040000
0.965000
0.985000
1.025000
0.980000
0.960000
1.010000
1.030000
0.975000
0.975000
1.045000
1.150000
1.010000
1.025000
1.025000
0.940000
0.935000
0.975000
1.040000
1.020000
0.945000
0.985000
1.030000
0.980000
0.975000
1.020000
1.080000
1.055000
1.005000
1.070000
1.080000
1.025000
0.960000
1.010000
1.025000
1.000000
0.935000
1.010000
1.035000
1.020000
0.970000
0.965000
1.015000
1.025000
0.945000
0.975000
1.005000
0.995000
0.945000
1.030000
1.090000
1.030000
0.995000
1.055000
1.130000
1.035000
1.015000
1.105000
1.110000
1.045000
1.015000
1.050000
1.100000
1.070000
1.000000
1.060000
1.110000
1.020000
0.915000
0.940000
1.025000
1.050000
0.985000
1.035000
1.085000
0.990000
1.010000
1.070000
1.090000
0.990000
1.015000
1.030000
1.050000
0.940000
0.975000
1.020000
1.015000
0.950000
0.975000
1.015000
0.995000
0.970000
1.040000
1.070000
1.030000
0.945000
0.965000
0.995000
0.975000
0.965000
1.010000
1.055000
0.990000
0.980000
1.045000
1.060000
0.975000
1.010000
1.035000
1.035000
0.965000
0.995000
1.055000
1.075000
0.985000
0.965000
1.060000
1.120000
1.040000
0.945000
0.975000
1.010000
0.940000
0.945000
1.020000
1.105000
1.080000
0.965000
1.015000
1.035000
1.015000
0.980000
1.010000
1.000000
1.025000
0.990000
0.995000
1.070000
1.090000
1.020000
1.115000
1.125000
1.125000
1.020000
1.065000
1.105000
1.070000
0.960000
1.015000
1.040000
1.050000
0.955000
1.005000
1.010000
1.005000
0.975000
0.965000
1.005000
1.055000
1.030000
0.965000
1.040000
1.065000
1.000000
0.935000
0.980000
1.000000
0.935000
0.895000
0.930000
0.970000
0.960000
0.945000
1.010000
1.060000
1.010000
0.980000
1.040000
1.060000
1.005000
0.990000
1.080000
1.100000
1.015000
0.935000
0.965000
0.965000
0.925000
0.925000
0.960000
0.965000
0.920000
0.975000
1.040000
1.070000
0.965000
0.975000
1.045000
1.055000
0.990000
1.055000
1.165000
1.075000
0.990000
1.080000
1.110000
1.055000
0.990000
1.050000
1.125000
1.085000
0.995000
0.980000
1.055000
1.040000
0.955000
1.000000
1.000000
1.040000
0.955000
0.985000
1.000000
1.040000
0.940000
0.935000
0.955000
1.035000
0.995000
0.905000
0.945000
0.950000
0.995000
0.945000
0.910000
0.970000
1.005000
0.980000
0.970000
1.045000
1.055000
0.990000
1.005000
1.085000
1.110000
0.980000
1.015000
1.025000
1.070000
0.960000
0.950000
0.990000
1.030000
0.995000
0.950000
1.030000
1.105000
1.080000
0.980000
1.025000
1.010000
1.020000
0.955000
0.995000
1.040000
1.045000
0.955000
0.980000
1.015000
1.010000
0.940000
0.985000
1.010000
1.040000
0.955000
0.950000
0.995000
1.045000
0.970000
0.930000
1.000000
1.010000
0.975000
0.950000
1.015000
1.045000
1.020000
0.995000
1.120000
1.115000
1.005000
1.075000
1.050000
0.990000
0.950000
0.995000
1.030000
0.945000
0.965000
1.000000
1.040000
0.960000
0.995000
1.055000
1.065000
0.965000
0.990000
1.040000
1.055000
1.020000
0.940000
0.955000
1.015000
1.040000
1.105000
0.985000
1.015000
1.060000
1.020000
0.995000
1.075000
1.105000
1.025000
0.990000
1.035000
1.035000
0.975000
0.945000
0.995000
1.095000
1.045000
0.960000
1.010000
1.035000
0.970000
0.950000
1.010000
1.040000
0.940000
0.925000
0.965000
1.025000
1.015000
0.975000
1.020000
1.085000
0.995000
0.930000
0.970000
1.035000
0.965000
0.960000
1.010000
1.010000
0.985000
0.925000
0.985000
1.010000
1.035000
0.925000
0.980000
1.045000
0.970000
0.895000
0.880000
0.875000
0.920000
0.920000
0.930000
0.995000
1.085000
1.040000
1.035000
1.110000
1.110000
1.010000
1.070000
1.140000
1.095000
1.000000
1.090000
1.110000
1.055000
0.980000
1.000000
1.050000
0.980000
1.035000
1.080000
1.040000
0.960000
1.005000
1.055000
0.965000
0.945000
0.975000
1.010000
0.950000
0.960000
1.010000
1.040000
0.990000
0.970000
1.010000
1.030000
0.955000
1.025000
1.080000
0.985000
1.020000
1.055000
1.025000
0.950000
1.010000
1.060000
1.010000
0.950000
1.000000
1.025000
1.010000
0.955000
1.050000
1.095000
1.035000
0.985000
1.055000
1.115000
1.020000
1.005000
1.035000
1.060000
0.960000
0.965000
0.980000
1.005000
0.950000
0.980000
1.025000
1.010000
0.965000
0.995000
1.035000
0.950000
0.915000
0.965000
0.965000
0.920000
0.895000
0.950000
0.990000
0.990000
0.945000
0.950000
1.005000
1.035000
0.960000
1.020000
1.090000
0.985000
0.970000
1.045000
1.100000
0.990000
0.975000
1.045000
1.100000
0.965000
0.950000
0.990000
0.990000
0.920000
0.925000
1.040000
1.045000
0.995000
0.970000
1.040000
1.050000
0.975000
0.975000
1.005000
1.030000
0.955000
0.990000
1.045000
1.020000
0.935000
0.985000
1.025000
1.005000
0.925000
0.990000
1.070000
0.970000
0.945000
1.000000
1.005000
0.950000
0.930000
0.975000
1.020000
0.970000
0.925000
0.975000
1.020000
0.945000
1.045000
1.080000
1.075000
0.955000
1.020000
1.060000
1.015000
0.955000
1.035000
1.120000
1.100000
0.995000
1.005000
1.040000
1.070000
0.950000
0.990000
1.025000
1.050000
0.970000
1.020000
1.090000
0.995000
0.995000
1.055000
1.100000
1.000000
1.085000
1.105000
1.090000
0.965000
1.000000
1.020000
1.025000
0.940000
0.935000
0.975000
1.080000
0.940000
0.990000
1.005000
0.975000
0.910000
0.950000
1.000000
1.025000
0.930000
0.920000
0.990000
1.040000
0.945000
0.950000
0.995000
1.010000
0.925000
0.965000
0.980000
0.975000
0.940000
0.985000
1.035000
0.970000
0.955000
1.025000
1.035000
0.990000
0.965000
1.005000
1.020000
0.975000
0.915000
0.980000
0.990000
0.920000
0.920000
0.965000
0.995000
0.925000
0.915000
1.025000
1.045000
0.995000
0.980000
1.055000
1.065000
1.050000
0.965000
1.045000
1.115000
0.985000
1.015000
1.040000
1.025000
0.965000
0.990000
1.035000
1.010000
0.950000
0.980000
1.010000
0.945000
0.940000
0.985000
1.035000
1.020000
0.940000
0.990000
1.015000
1.005000
0.930000
0.975000
1.010000
0.970000
0.920000
0.980000
1.045000
1.010000
0.960000
1.005000
1.060000
1.010000
0.950000
1.000000
1.005000
0.950000
0.940000
1.005000
1.035000
0.945000
0.950000
0.990000
1.045000
0.940000
0.970000
1.060000
1.070000
0.970000
0.975000
0.960000
1.000000
0.950000
0.975000
1.085000
1.135000
0.980000
1.020000
1.060000
0.985000
0.990000
1.070000
1.095000
0.960000
0.990000
1.050000
1.060000
0.960000
1.000000
1.035000
0.975000
0.955000
0.985000
0.985000
0.915000
0.960000
1.015000
0.995000
0.935000
0.990000
1.005000
0.965000
0.915000
0.970000
0.985000
0.945000
0.940000
1.000000
0.995000
0.935000
0.900000
0.965000
1.005000
0.950000
0.955000
1.060000
1.095000
1.005000
1.000000
1.075000
1.065000
0.950000
0.995000
1.020000
0.945000
0.935000
0.995000
1.060000
0.960000
0.995000
1.010000
1.030000
0.970000
0.985000
1.010000
1.000000
0.945000
1.025000
1.090000
0.995000
1.020000
1.080000
1.015000
0.945000
0.995000
1.030000
0.945000
0.935000
0.955000
0.985000
0.950000
0.930000
1.030000
1.095000
0.975000
0.950000
1.000000
1.065000
0.970000
0.935000
0.925000
0.925000
0.870000
0.860000
0.880000
0.940000
0.950000
0.925000
1.010000
1.080000
1.040000
0.995000
1.075000
1.110000
0.990000
0.975000
1.015000
1.045000
0.955000
0.990000
1.040000
1.075000
0.980000
0.990000
1.050000
1.105000
0.960000
1.000000
1.045000
1.040000
0.950000
1.005000
1.105000
1.065000
0.950000
0.965000
0.970000
0.990000
0.930000
0.990000
1.030000
0.970000
0.910000
0.950000
1.005000
0.975000
0.920000
1.010000
1.015000
1.005000
0.965000
0.970000
0.985000
0.950000
1.010000
1.085000
1.045000
1.020000
1.145000
1.160000
1.025000
1.055000
1.085000
1.080000
1.015000
1.060000
1.085000
1.055000
0.975000
1.020000
1.050000
1.000000
0.945000
0.975000
0.990000
0.930000
0.970000
1.000000
1.010000
0.940000
0.935000
0.965000
1.045000
1.010000
0.955000
0.985000
1.020000
0.990000
0.910000
0.955000
0.990000
0.975000
0.965000
1.020000
1.070000
0.980000
1.040000
1.070000
1.045000
0.920000
0.960000
0.975000
0.995000
0.925000
0.970000
1.015000
1.065000
0.980000
1.060000
1.095000
1.045000
0.975000
1.030000
1.045000
0.950000
0.925000
0.980000
1.000000
0.935000
0.985000
1.025000
1.025000
0.975000
1.060000
1.045000
0.965000
0.940000
0.975000
1.020000
0.930000
0.930000
0.985000
1.060000
0.940000
0.985000
1.030000
0.990000
0.930000
0.975000
0.975000
0.925000
0.920000
0.975000
1.060000
0.945000
0.995000
1.030000
1.015000
0.970000
1.035000
1.025000
0.955000
0.955000
1.005000
1.085000
0.970000
1.035000
1.090000
0.985000
0.955000
1.060000
1.070000
0.955000
1.040000
1.075000
0.985000
0.960000
1.040000
1.100000
1.010000
0.960000
1.015000
1.010000
0.930000
0.910000
0.995000
1.060000
1.000000
0.955000
1.030000
1.070000
0.960000
0.920000
0.990000
1.040000
0.945000
0.970000
0.990000
1.030000
0.920000
0.920000
1.000000
1.070000
0.940000
1.015000
1.060000
1.030000
0.960000
1.010000
1.060000
0.990000
0.965000
1.090000
1.105000
1.015000
1.000000
1.060000
1.080000
0.975000
0.960000
0.995000
1.010000
0.930000
0.935000
0.990000
1.050000
0.985000
1.020000
1.055000
1.025000
0.960000
1.070000
1.115000
0.985000
1.020000
1.080000
1.110000
0.965000
1.055000
1.065000
0.995000
0.950000
1.020000
1.050000
1.040000
0.940000
1.010000
1.030000
0.980000
0.920000
0.960000
0.960000
0.925000
0.900000
0.995000
1.035000
0.975000
0.975000
1.040000
1.045000
0.970000
0.955000
1.065000
1.070000
0.975000
1.020000
1.080000
1.020000
0.945000
1.005000
1.025000
0.965000
0.925000
0.990000
1.025000
0.960000
0.915000
0.960000
1.000000
0.950000
0.955000
1.075000
1.110000
0.965000
0.975000
0.990000
0.990000
0.910000
0.980000
0.970000
0.910000
0.880000
0.910000
0.940000
0.925000
0.900000
0.990000
1.015000
0.960000
0.960000
1.035000
0.990000
0.940000
0.985000
0.980000
0.935000
0.930000
0.955000
1.030000
1.000000
0.965000
1.015000
1.060000
0.970000
0.940000
0.970000
0.985000
1.005000
0.925000
0.945000
1.005000
1.075000
0.970000
0.985000
1.010000
1.045000
0.945000
0.975000
0.995000
1.000000
0.965000
1.030000
1.065000
1.030000
0.975000
1.065000
1.100000
1.005000
0.975000
1.015000
1.055000
0.960000
0.960000
0.985000
1.040000
0.940000
0.985000
0.990000
0.980000
0.925000
1.000000
1.020000
0.935000
0.950000
1.005000
1.020000
0.930000
0.915000
0.970000
0.975000
0.905000
0.960000
0.995000
1.000000
0.910000
0.950000
0.980000
1.000000
0.910000
0.960000
0.985000
0.985000
0.910000
0.950000
0.990000
0.945000
0.950000
0.995000
1.035000
0.925000
0.945000
1.020000
1.080000
0.965000
0.925000
0.970000
1.020000
0.990000
1.035000
1.105000
1.075000
0.955000
0.980000
1.010000
0.980000
0.945000
1.000000
1.030000
0.980000
0.955000
0.985000
1.025000
0.950000
1.030000
1.060000
1.035000
0.965000
0.990000
1.045000
1.050000
0.925000
1.000000
1.010000
0.985000
0.915000
0.935000
0.970000
0.990000
0.910000
0.950000
0.990000
0.990000
0.935000
1.010000
1.030000
1.005000
0.945000
1.015000
1.050000
0.965000
0.985000
1.060000
1.095000
1.000000
0.995000
1.065000
1.115000
0.990000
1.050000
1.070000
1.070000
0.985000
1.045000
1.065000
1.065000
0.965000
1.020000
1.035000
0.980000
0.950000
0.970000
1.010000
0.955000
0.925000
0.985000
1.030000
0.980000
0.940000
1.000000
1.045000
0.950000
0.930000
0.975000
0.995000
0.915000
0.950000
1.020000
1.065000
0.950000
0.945000
1.010000
1.040000
0.960000
0.950000
0.955000
0.970000
0.945000
0.915000
1.020000
1.020000
0.940000
1.015000
1.030000
0.980000
0.925000
0.985000
1.045000
1.000000
0.940000
0.980000
1.005000
0.985000
0.945000
1.010000
1.040000
0.980000
0.915000
1.000000
1.020000
0.975000
0.955000
1.060000
1.105000
1.030000
0.990000
1.025000
1.025000
0.960000
0.945000
0.975000
1.020000
0.940000
0.965000
1.070000
1.060000
0.975000
0.965000
1.030000
1.060000
0.960000
0.945000
1.005000
1.085000
0.965000
0.995000
1.095000
1.105000
0.955000
0.975000
0.985000
0.965000
0.915000
0.990000
1.020000
0.955000
0.970000
1.065000
1.085000
0.980000
1.010000
1.035000
1.035000
0.940000
1.025000
1.045000
0.970000
0.940000
1.010000
1.030000
0.965000
